0,0,0
1,0,0
2,0,0
3,0,0
4,0,0
5,0,0
6,0,0
7,0,0
8,0,0
9,0,0
10,0,0
11,0,0
12,0,0
13,0,0
14,0,0
15,0,0
16,0,0
17,0,0
18,0,0
19,0,0
20,0,0
21,0,0
22,0,0
23,0,0
24,0,0
25,0,0
26,0,0
27,0,0
28,0,0
29,0,0
30,0,0
31,0,0
32,0,0
33,0,0
34,0,0
35,0,0
36,0,0
37,0,0
38,0,0
39,0,0
40,0,0
41,0,0
42,0,0
43,0,0
44,0,0
45,0,0
46,0,0
47,0,0
48,0,0
49,0,0
50,0,0
51,0,0
52,0,0
53,0,0
54,0,0
55,0,0
56,0,0
57,0,0
58,0,0
59,0,0
60,0,0
61,0,0
62,0,0
63,0,0
64,0,0
65,0,0
66,0,0
67,0,0
68,0,0
69,0,0
70,0,0
71,0,0
72,0,0
73,0,0
74,0,0
75,0,0
76,0,0
77,0,0
78,0,0
79,0,0
80,0,0
81,0,0
82,0,0
83,0,0
84,0,0
85,0,0
86,0,0
87,0,0
88,0,0
89,0,0
90,0,0
91,0,0
92,0,0
93,0,0
94,0,0
95,0,0
96,0,0
97,0,0
98,0,0
99,0,0
100,0,0
101,0,0
102,0,0
103,0,0
104,0,0
105,0,0
106,0,0
107,0,0
108,0,0
109,0,0
110,0,0
111,0,0
112,0,0
113,0,0
114,0,0
115,0,0
116,0,0
117,0,0
118,0,0
119,0,0
120,0,0
121,0,0
122,0,0
123,0,0
124,0,0
125,0,0
126,0,0
127,0,0
128,0,0
129,0,0
130,0,0
131,0,0
132,0,0
133,0,0
134,0,0
135,0,0
136,0,0
137,0,0
138,0,0
139,0,0
140,0,0
141,0,0
142,0,0
143,0,0
144,0,0
145,0,0
146,0,0
147,0,0
148,0,0
149,0,0
150,0,0
151,0,0
152,0,0
153,0,0
154,0,0
155,0,0
156,0,0
157,0,0
158,0,0
159,0,0
160,0,0
161,0,0
162,0,0
163,0,0
164,0,0
165,0,0
166,0,0
167,0,0
168,0,0
169,0,0
170,0,0
171,0,0
172,0,0
173,0,0
174,0,0
175,0,0
176,0,0
177,0,0
178,0,0
179,0,0
180,0,0
181,0,0
182,0,0
183,0,0
184,0,0
185,0,0
186,0,0
187,0,0
188,0,0
189,0,0
190,0,0
191,0,0
192,0,0
193,0,0
194,0,0
195,0,0
196,0,0
197,0,0
198,0,0
199,0,0
200,0,0
201,0,0
202,0,0
203,0,0
204,0,0
205,0,0
206,0,0
207,0,0
208,0,0
209,0,0
210,0,0
211,0,0
212,0,0
213,0,0
214,0,0
215,0,0
216,0,0
217,0,0
218,0,0
219,0,0
220,0,0
221,0,0
222,0,0
223,0,0
224,0,0
225,0,0
226,0,0
227,0,0
228,0,0
229,0,0
230,0,0
231,0,0
232,0,0
233,0,0
234,0,0
235,0,0
236,0,0
237,0,0
238,0,0
239,0,0
240,0,0
241,0,0
242,0,0
243,0,0
244,0,0
245,0,0
246,0,0
247,0,0
248,0,0
249,0,0
250,0,0
251,0,0
252,0,0
253,0,0
254,0,0
255,0,0
256,0,0
257,0,0
258,0,0
259,0,0
260,0,0
261,0,0
262,0,0
263,0,0
264,0,0
265,0,0
266,0,0
267,0,0
268,0,0
269,0,0
270,0,0
271,0,0
272,0,0
273,0,0
274,0,0
275,0,0
276,0,0
277,0,0
278,0,0
279,0,0
280,0,0
281,0,0
282,0,0
283,0,0
284,0,0
285,0,0
286,0,0
287,0,0
288,0,0
289,0,0
290,0,0
291,0,0
292,0,0
293,0,0
294,0,0
295,0,0
296,0,0
297,0,0
298,0,0
299,0,0
300,0,0
301,0,0
302,0,0
303,0,0
304,0,0
305,0,0
306,0,0
307,0,0
308,0,0
309,0,0
310,0,0
311,0,0
312,0,0
313,0,0
314,0,0
315,0,0
316,0,0
317,0,0
318,0,0
319,0,0
320,0,0
321,0,0
322,0,0
323,0,0
324,0,0
325,0,0
326,0,0
327,0,0
328,0,0
329,0,0
330,0,0
331,0,0
332,0,0
333,0,0
334,0,0
335,0,0
336,0,0
337,0,0
338,0,0
339,0,0
340,0,0
341,0,0
342,0,0
343,0,0
344,0,0
345,0,0
346,0,0
347,0,0
348,0,0
349,0,0
350,0,0
351,0,0
352,0,0
353,0,0
354,0,0
355,0,0
356,0,0
357,0,0
358,0,0
359,0,0
360,0,0
361,0,0
362,0,0
363,0,0
364,0,0
365,0,0
366,0,0
367,0,0
368,0,0
369,0,0
370,0,0
371,0,0
372,0,0
373,0,0
374,0,0
375,0,0
376,0,0
377,0,0
378,0,0
379,0,0
380,0,0
381,0,0
382,0,0
383,0,0
384,0,0
385,0,0
386,0,0
387,0,0
388,0,0
389,0,0
390,0,0
391,0,0
392,0,0
393,0,0
394,0,0
395,0,0
396,0,0
397,0,0
398,0,0
399,0,0
400,0,0
401,0,0
402,0,0
403,0,0
404,0,0
405,0,0
406,0,0
407,0,0
408,0,0
409,0,0
410,0,0
411,0,0
412,0,0
413,0,0
414,0,0
415,0,0
416,0,0
417,0,0
418,0,0
419,0,0
420,0,0
421,0,0
422,0,0
423,0,0
424,0,0
425,0,0
426,0,0
427,0,0
428,0,0
429,0,0
430,0,0
431,0,0
432,0,0
433,0,0
434,0,0
435,0,0
436,0,0
437,0,0
438,0,0
439,0,0
440,0,0
441,0,0
442,0,0
443,0,0
444,0,0
445,0,0
446,0,0
447,0,0
448,0,0
449,0,0
450,0,0
451,0,0
452,0,0
453,0,0
454,0,0
455,0,0
456,0,0
457,0,0
458,0,0
459,0,0
460,0,0
461,0,0
462,0,0
463,0,0
464,0,0
465,0,0
466,0,0
467,0,0
468,0,0
469,0,0
470,0,0
471,0,0
472,0,0
473,0,0
474,0,0
475,0,0
476,0,0
477,0,0
478,0,0
479,0,0
480,0,0
481,0,0
482,0,0
483,0,0
484,0,0
485,0,0
486,0,0
487,0,0
488,0,0
489,0,0
490,0,0
491,0,0
492,0,0
493,0,0
494,0,0
495,0,0
496,0,0
497,0,0
498,0,0
499,0,0
500,0,0
501,0,0
502,0,0
503,0,0
504,0,0
505,0,0
506,0,0
507,0,0
508,0,0
509,0,0
510,0,1
511,0,0
512,0,0
513,0,0
514,0,0
515,0,0
516,0,0
517,0,0
518,0,0
519,0,0
520,0,0
521,0,0
522,0,0
523,0,0
524,0,0
525,0,0
526,0,0
527,0,0
528,0,0
529,0,0
530,0,0
531,0,0
532,0,0
533,0,0
534,0,0
535,0,0
536,0,0
537,0,0
538,0,0
539,0,0
540,0,0
541,0,0
542,0,0
543,0,0
544,0,0
545,0,1
546,0,0
547,0,0
548,0,0
549,0,0
550,0,0
551,0,0
552,0,0
553,0,0
554,0,0
555,1,0
556,0,0
557,0,0
558,0,0
559,0,0
560,0,0
561,0,0
562,0,0
563,0,0
564,0,0
565,0,0
566,0,0
567,0,0
568,0,0
569,0,0
570,0,0
571,0,0
572,0,0
573,0,0
574,1,0
575,0,0
576,0,0
577,0,0
578,0,0
579,0,0
580,0,0
581,0,0
582,1,0
583,0,0
584,0,0
585,0,0
586,0,1
587,0,1
588,0,0
589,0,0
590,0,0
591,0,0
592,1,0
593,0,0
594,0,0
595,0,0
596,1,0
597,0,1
598,0,0
599,0,0
600,0,1
601,0,0
602,0,1
603,1,0
604,0,0
605,1,0
606,0,0
607,0,0
608,0,1
609,2,0
610,0,0
611,0,0
612,0,1
613,2,0
614,0,2
615,0,0
616,1,0
617,0,0
618,0,0
619,0,0
620,1,0
621,0,2
622,2,1
623,0,1
624,1,0
625,0,0
626,1,1
627,0,0
628,0,0
629,1,1
630,1,1
631,1,0
632,0,0
633,2,1
634,0,0
635,2,1
636,0,0
637,0,3
638,0,0
639,2,1
640,0,1
641,3,2
642,1,0
643,1,1
644,1,0
645,1,3
646,0,0
647,1,1
648,2,0
649,1,2
650,1,1
651,5,0
652,0,2
653,1,1
654,2,0
655,0,1
656,0,0
657,1,3
658,2,5
659,1,2
660,1,1
661,8,2
662,1,2
663,1,1
664,2,0
665,1,0
666,0,3
667,1,3
668,1,5
669,2,3
670,0,2
671,14,1
672,2,0
673,0,3
674,2,1
675,1,0
676,0,3
677,2,3
678,1,6
679,1,1
680,2,3
681,19,3
682,0,1
683,2,2
684,0,2
685,2,4
686,0,4
687,2,3
688,0,4
689,2,5
690,2,5
691,27,3
692,1,5
693,1,2
694,2,3
695,0,3
696,2,1
697,2,7
698,0,3
699,2,1
700,1,4
701,37,8
702,2,6
703,1,6
704,1,5
705,2,5
706,0,3
707,2,3
708,0,6
709,2,5
710,2,4
711,49,5
712,2,5
713,2,7
714,0,10
715,2,4
716,2,6
717,0,9
718,2,8
719,2,7
720,0,4
721,66,4
722,1,4
723,2,5
724,1,7
725,1,7
726,2,7
727,1,8
728,1,13
729,2,6
730,2,11
731,84,9
732,0,7
733,2,8
734,2,9
735,1,13
736,1,8
737,2,8
738,0,12
739,2,10
740,2,6
741,107,8
742,1,16
743,2,11
744,1,13
745,2,20
746,1,9
747,1,12
748,2,12
749,1,13
750,2,7
751,133,10
752,2,10
753,1,14
754,2,12
755,1,12
756,1,19
757,1,19
758,2,19
759,2,13
760,2,16
761,165,15
762,1,18
763,2,8
764,2,18
765,1,14
766,1,19
767,2,18
768,1,24
769,2,13
770,1,21
771,201,17
772,2,17
773,2,20
774,2,33
775,0,21
776,2,22
777,2,16
778,2,16
779,0,25
780,2,25
781,245,14
782,1,26
783,1,29
784,2,28
785,2,28
786,1,22
787,1,24
788,2,20
789,2,30
790,1,29
791,292,31
792,2,30
793,2,25
794,1,23
795,1,33
796,2,30
797,1,39
798,2,36
799,2,27
800,1,37
801,347,39
802,2,35
803,2,30
804,1,24
805,2,37
806,1,37
807,2,43
808,2,37
809,1,41
810,2,39
811,407,34
812,1,38
813,1,32
814,2,32
815,2,40
816,1,52
817,1,47
818,2,44
819,2,50
820,2,46
821,475,46
822,1,40
823,2,64
824,2,40
825,1,44
826,2,54
827,1,54
828,2,48
829,2,37
830,2,57
831,546,55
832,2,55
833,2,58
834,2,65
835,2,52
836,0,47
837,2,65
838,2,57
839,2,71
840,2,57
841,626,62
842,1,62
843,2,55
844,2,63
845,2,66
846,1,64
847,1,58
848,2,62
849,2,81
850,2,64
851,711,65
852,2,72
853,1,58
854,2,87
855,1,66
856,2,80
857,2,58
858,0,88
859,2,76
860,2,77
861,801,75
862,2,76
863,1,79
864,2,80
865,2,84
866,1,94
867,2,79
868,1,98
869,2,82
870,2,67
871,893,89
872,2,90
873,2,84
874,1,110
875,1,95
876,2,92
877,2,90
878,2,85
879,2,78
880,0,104
881,990,102
882,1,105
883,2,102
884,2,83
885,1,97
886,2,101
887,2,104
888,1,115
889,2,94
890,2,89
891,1085,98
892,1,119
893,2,112
894,2,98
895,2,122
896,2,130
897,0,101
898,2,126
899,2,125
900,2,109
901,1180,122
902,2,102
903,2,107
904,2,112
905,2,124
906,1,118
907,1,126
908,2,121
909,2,128
910,2,140
911,1276,143
912,2,124
913,2,136
914,2,112
915,0,124
916,2,119
917,2,138
918,2,124
919,2,135
920,0,138
921,1367,127
922,2,150
923,2,141
924,1,150
925,2,145
926,1,154
927,2,134
928,2,139
929,2,132
930,1,126
931,1452,148
932,1,127
933,2,149
934,2,144
935,1,172
936,2,145
937,1,153
938,2,146
939,2,180
940,2,154
941,1529,137
942,2,142
943,2,149
944,2,181
945,2,146
946,1,154
947,2,151
948,1,142
949,2,190
950,2,144
951,1598,159
952,1,148
953,2,161
954,2,181
955,2,164
956,1,160
957,2,175
958,1,146
959,2,178
960,2,167
961,1658,200
962,2,168
963,2,160
964,2,170
965,1,150
966,1,175
967,2,164
968,2,180
969,2,165
970,2,209
971,1705,160
972,2,162
973,1,179
974,1,163
975,2,181
976,2,180
977,2,174
978,1,205
979,2,178
980,1,193
981,1740,145
982,2,182
983,2,164
984,2,150
985,2,192
986,1,172
987,2,192
988,1,182
989,2,189
990,2,172
991,1761,195
992,2,190
993,2,173
994,1,174
995,1,188
996,2,162
997,2,168
998,2,184
999,2,196
1000,2,185
1001,1766,186
1002,2,188
1003,2,187
1004,2,183
1005,2,162
1006,2,171
1007,1,185
1008,1,178
1009,2,187
1010,2,188
1011,1761,176
1012,2,185
1013,2,202
1014,1,180
1015,2,184
1016,1,185
1017,2,167
1018,2,211
1019,2,174
1020,1,149
1021,1741,198
1022,1,192
1023,1,159
1024,2,176
1025,2,189
1026,2,179
1027,2,181
1028,0,159
1029,2,187
1030,2,175
1031,1705,197
1032,2,179
1033,2,166
1034,2,175
1035,2,161
1036,2,180
1037,1,164
1038,1,167
1039,2,169
1040,2,179
1041,1658,182
1042,2,180
1043,2,183
1044,1,170
1045,2,170
1046,1,162
1047,2,170
1048,2,147
1049,2,157
1050,1,168
1051,1598,169
1052,2,177
1053,2,172
1054,2,175
1055,1,152
1056,1,156
1057,2,160
1058,2,156
1059,2,155
1060,1,179
1061,1530,145
1062,2,175
1063,2,151
1064,2,152
1065,1,155
1066,2,163
1067,2,132
1068,1,144
1069,2,170
1070,2,152
1071,1451,133
1072,1,166
1073,2,159
1074,2,150
1075,2,163
1076,1,138
1077,2,152
1078,1,129
1079,2,150
1080,2,153
1081,1367,142
1082,0,136
1083,2,125
1084,2,150
1085,2,143
1086,2,136
1087,2,150
1088,0,156
1089,2,132
1090,2,131
1091,1276,131
1092,2,135
1093,2,118
1094,2,114
1095,1,144
1096,1,126
1097,2,124
1098,2,154
1099,2,114
1100,2,114
1101,1180,130
1102,2,137
1103,2,104
1104,2,113
1105,0,102
1106,2,121
1107,2,121
1108,2,131
1109,2,123
1110,1,111
1111,1085,114
1112,2,111
1113,2,122
1114,1,93
1115,2,113
1116,2,96
1117,1,111
1118,2,96
1119,1,107
1120,2,90
1121,990,102
1122,1,103
1123,1,98
1124,2,108
1125,2,96
1126,2,99
1127,1,100
1128,1,105
1129,2,113
1130,2,94
1131,893,104
1132,2,83
1133,2,58
1134,1,83
1135,2,93
1136,1,104
1137,2,80
1138,2,92
1139,1,86
1140,2,85
1141,801,80
1142,2,79
1143,1,87
1144,1,82
1145,2,69
1146,2,78
1147,2,79
1148,1,64
1149,1,84
1150,2,85
1151,711,65
1152,2,72
1153,2,88
1154,1,61
1155,2,71
1156,1,66
1157,2,57
1158,2,68
1159,2,66
1160,2,76
1161,625,77
1162,2,78
1163,2,62
1164,2,58
1165,2,56
1166,1,49
1167,1,72
1168,2,54
1169,2,63
1170,2,63
1171,547,60
1172,1,57
1173,2,49
1174,2,59
1175,1,41
1176,2,65
1177,1,60
1178,2,45
1179,1,45
1180,2,57
1181,475,50
1182,2,50
1183,2,48
1184,1,41
1185,2,43
1186,1,43
1187,2,36
1188,2,48
1189,1,55
1190,2,35
1191,407,49
1192,1,50
1193,2,40
1194,1,34
1195,2,35
1196,2,31
1197,1,34
1198,1,36
1199,2,32
1200,2,32
1201,347,36
1202,1,38
1203,2,40
1204,2,37
1205,1,27
1206,2,39
1207,1,29
1208,1,24
1209,2,32
1210,2,26
1211,292,39
1212,1,25
1213,2,28
1214,2,32
1215,1,28
1216,1,26
1217,2,26
1218,2,22
1219,2,22
1220,1,30
1221,244,29
1222,2,25
1223,0,16
1224,2,26
1225,2,29
1226,2,24
1227,0,27
1228,2,13
1229,2,20
1230,2,28
1231,201,26
1232,2,23
1233,1,18
1234,2,15
1235,1,18
1236,2,19
1237,1,20
1238,1,23
1239,2,19
1240,2,16
1241,165,21
1242,1,12
1243,2,19
1244,2,11
1245,1,16
1246,1,17
1247,2,21
1248,1,15
1249,1,12
1250,2,5
1251,133,21
1252,2,11
1253,1,13
1254,2,16
1255,2,15
1256,1,19
1257,1,11
1258,2,14
1259,0,4
1260,2,12
1261,107,12
1262,2,11
1263,2,14
1264,0,6
1265,2,12
1266,2,15
1267,0,14
1268,2,6
1269,1,11
1270,2,10
1271,83,7
1272,2,10
1273,2,9
1274,2,10
1275,0,10
1276,2,9
1277,1,8
1278,1,8
1279,2,10
1280,1,8
1281,66,4
1282,1,5
1283,1,14
1284,2,5
1285,0,7
1286,2,7
1287,2,8
1288,0,8
1289,2,9
1290,2,5
1291,49,3
1292,2,7
1293,0,4
1294,2,5
1295,2,9
1296,1,4
1297,1,6
1298,1,11
1299,1,3
1300,2,4
1301,37,1
1302,2,9
1303,1,5
1304,1,5
1305,1,4
1306,2,3
1307,1,4
1308,1,4
1309,2,4
1310,1,2
1311,26,6
1312,2,1
1313,2,4
1314,0,6
1315,2,4
1316,0,5
1317,2,3
1318,1,1
1319,1,2
1320,2,4
1321,18,1
1322,1,0
1323,1,3
1324,1,1
1325,2,4
1326,1,4
1327,0,3
1328,2,4
1329,0,2
1330,2,3
1331,13,1
1332,1,2
1333,2,0
1334,1,1
1335,0,1
1336,2,3
1337,1,3
1338,1,2
1339,1,2
1340,1,1
1341,8,0
1342,1,3
1343,1,2
1344,1,2
1345,1,1
1346,1,2
1347,1,3
1348,1,0
1349,1,1
1350,1,1
1351,4,2
1352,2,0
1353,0,1
1354,1,1
1355,2,1
1356,0,2
1357,0,1
1358,2,1
1359,0,0
1360,2,0
1361,1,1
1362,2,1
1363,0,0
1364,2,0
1365,0,1
1366,0,1
1367,2,2
1368,0,0
1369,0,1
1370,2,1
1371,1,0
1372,0,1
1373,2,0
1374,0,2
1375,0,1
1376,1,0
1377,1,0
1378,0,0
1379,1,0
1380,0,0
1381,1,1
1382,0,0
1383,1,1
1384,0,1
1385,0,1
1386,1,0
1387,1,1
1388,0,0
1389,0,1
1390,0,0
1391,1,0
1392,1,1
1393,0,0
1394,0,1
1395,1,0
1396,0,1
1397,0,0
1398,0,0
1399,0,0
1400,0,0
1401,1,0
1402,0,0
1403,0,2
1404,1,0
1405,0,0
1406,0,0
1407,0,0
1408,0,0
1409,0,0
1410,0,0
1411,0,1
1412,0,0
1413,1,1
1414,0,0
1415,0,0
1416,2,0
1417,0,0
1418,0,0
1419,1,0
1420,0,0
1421,0,0
1422,0,0
1423,0,2
1424,0,0
1425,0,0
1426,0,0
1427,0,0
1428,0,0
1429,0,1
1430,0,1
1431,0,0
1432,0,0
1433,0,0
1434,0,0
1435,0,0
1436,0,0
1437,0,0
1438,0,0
1439,0,1
1440,0,0
1441,0,0
1442,0,0
1443,0,0
1444,0,0
1445,0,0
1446,0,0
1447,0,0
1448,0,0
1449,0,0
1450,0,0
1451,0,0
1452,0,0
1453,0,0
1454,0,0
1455,0,0
1456,0,0
1457,0,0
1458,1,0
1459,0,0
1460,0,0
1461,0,0
1462,0,0
1463,0,0
1464,0,0
1465,0,0
1466,0,0
1467,0,0
1468,0,0
1469,0,0
1470,0,0
1471,0,0
1472,0,0
1473,0,0
1474,0,0
1475,0,0
1476,0,0
1477,0,0
1478,0,0
1479,0,0
1480,0,0
1481,0,0
1482,0,0
1483,0,0
1484,0,0
1485,0,0
1486,0,0
1487,0,0
1488,0,0
1489,0,0
1490,0,0
1491,0,0
1492,0,0
1493,0,0
1494,0,1
1495,0,0
1496,0,0
1497,0,0
1498,0,0
1499,0,0
1500,0,0
1501,0,0
1502,0,0
1503,0,0
1504,0,0
1505,0,0
1506,0,0
1507,0,0
1508,0,0
1509,0,0
1510,1,0
1511,0,0
1512,0,0
1513,0,0
1514,0,0
1515,0,0
1516,0,0
1517,0,0
1518,0,0
1519,0,0
1520,0,0
1521,0,0
1522,0,0
1523,0,0
1524,0,0
1525,0,0
1526,0,0
1527,0,0
1528,0,0
1529,0,0
1530,0,0
1531,0,1
1532,0,0
1533,0,0
1534,0,0
1535,0,0
1536,0,0
1537,0,0
1538,0,0
1539,0,0
1540,0,0
1541,0,0
1542,0,0
1543,0,0
1544,0,0
1545,0,0
1546,0,0
1547,0,0
1548,0,0
1549,0,0
1550,0,0
1551,0,0
1552,0,0
1553,0,0
1554,0,0
1555,0,0
1556,0,0
1557,0,0
1558,0,0
1559,0,1
1560,0,0
1561,0,0
1562,0,0
1563,0,0
1564,0,0
1565,0,0
1566,0,0
1567,0,0
1568,0,0
1569,0,0
1570,0,0
1571,0,0
1572,0,0
1573,0,0
1574,0,0
1575,0,0
1576,0,0
1577,0,0
1578,0,0
1579,0,0
1580,0,0
1581,0,0
1582,0,0
1583,0,0
1584,0,0
1585,1,0
1586,0,0
1587,0,0
1588,0,0
1589,0,1
1590,0,0
1591,1,0
1592,0,0
1593,1,0
1594,0,0
1595,1,0
1596,0,1
1597,0,0
1598,0,0
1599,0,0
1600,0,1
1601,0,0
1602,1,1
1603,0,0
1604,0,1
1605,1,0
1606,0,0
1607,1,0
1608,1,1
1609,0,0
1610,0,0
1611,1,0
1612,0,0
1613,0,1
1614,1,0
1615,0,0
1616,1,1
1617,0,2
1618,0,0
1619,1,0
1620,0,0
1621,1,0
1622,0,1
1623,0,0
1624,2,1
1625,0,1
1626,1,0
1627,0,2
1628,1,0
1629,0,0
1630,1,0
1631,1,0
1632,1,3
1633,1,1
1634,0,0
1635,0,0
1636,1,0
1637,2,1
1638,0,0
1639,1,2
1640,0,1
1641,3,1
1642,1,2
1643,1,2
1644,0,2
1645,1,1
1646,2,0
1647,0,1
1648,1,2
1649,1,0
1650,2,1
1651,3,4
1652,2,2
1653,1,0
1654,1,3
1655,1,0
1656,1,1
1657,1,2
1658,1,0
1659,1,1
1660,1,3
1661,8,2
1662,1,1
1663,1,1
1664,1,2
1665,1,2
1666,1,2
1667,2,3
1668,0,2
1669,1,3
1670,1,3
1671,14,2
1672,1,3
1673,1,0
1674,2,3
1675,1,3
1676,0,3
1677,2,3
1678,1,2
1679,1,4
1680,2,3
1681,17,6
1682,2,1
1683,1,3
1684,1,2
1685,2,2
1686,0,3
1687,2,1
1688,0,6
1689,2,2
1690,2,3
1691,26,6
1692,1,2
1693,2,10
1694,2,3
1695,0,2
1696,2,1
1697,1,7
1698,1,3
1699,1,4
1700,2,8
1701,37,3
1702,2,5
1703,0,5
1704,2,7
1705,2,4
1706,0,6
1707,2,7
1708,2,5
1709,0,6
1710,2,7
1711,49,6
1712,2,10
1713,2,4
1714,0,6
1715,2,10
1716,1,9
1717,1,6
1718,2,6
1719,1,9
1720,2,4
1721,65,5
1722,1,10
1723,2,7
1724,1,11
1725,1,7
1726,1,7
1727,2,10
1728,1,10
1729,2,9
1730,2,9
1731,83,7
1732,1,14
1733,2,9
1734,2,11
1735,0,9
1736,2,10
1737,2,10
1738,1,8
1739,1,7
1740,2,12
1741,107,14
1742,2,10
1743,1,12
1744,1,12
1745,1,12
1746,2,19
1747,1,13
1748,2,14
1749,1,15
1750,2,9
1751,133,12
1752,2,13
1753,1,16
1754,1,17
1755,2,24
1756,1,10
1757,2,18
1758,1,17
1759,2,19
1760,2,18
1761,165,20
1762,1,15
1763,2,19
1764,1,19
1765,1,23
1766,2,18
1767,2,16
1768,1,17
1769,2,20
1770,1,27
1771,201,26
1772,2,24
1773,2,19
1774,2,19
1775,0,22
1776,2,16
1777,2,18
1778,2,34
1779,0,21
1780,2,34
1781,244,25
1782,2,22
1783,1,32
1784,2,29
1785,1,28
1786,1,29
1787,2,20
1788,2,22
1789,2,32
1790,2,40
1791,291,39
1792,2,31
1793,1,30
1794,2,36
1795,1,35
1796,2,35
1797,1,36
1798,2,26
1799,1,25
1800,2,37
1801,347,42
1802,2,44
1803,1,33
1804,2,29
1805,2,38
1806,1,49
1807,2,43
1808,2,42
1809,1,47
1810,2,32
1811,407,47
1812,1,38
1813,1,52
1814,2,45
1815,2,45
1816,1,49
1817,1,50
1818,2,53
1819,2,45
1820,2,49
1821,474,48
1822,2,43
1823,2,58
1824,2,46
1825,1,62
1826,1,55
1827,2,48
1828,2,61
1829,2,53
1830,1,67
1831,547,54
1832,2,55
1833,2,69
1834,2,66
1835,1,61
1836,1,64
1837,2,61
1838,2,58
1839,2,74
1840,2,60
1841,625,70
1842,2,58
1843,2,61
1844,2,85
1845,2,75
1846,2,59
1847,1,76
1848,1,64
1849,2,75
1850,2,60
1851,711,71
1852,2,89
1853,1,73
1854,1,89
1855,2,69
1856,2,90
1857,2,76
1858,1,83
1859,1,78
1860,2,81
1861,801,85
1862,2,91
1863,1,82
1864,2,94
1865,2,81
1866,1,86
1867,1,99
1868,2,93
1869,2,82
1870,2,97
1871,893,81
1872,2,83
1873,2,91
1874,1,98
1875,1,85
1876,2,105
1877,2,102
1878,2,97
1879,1,111
1880,1,89
1881,990,117
1882,2,118
1883,1,90
1884,2,124
1885,2,95
1886,1,115
1887,2,96
1888,1,111
1889,2,116
1890,2,97
1891,1084,111
1892,2,108
1893,2,129
1894,2,122
1895,2,120
1896,2,123
1897,1,114
1898,1,103
1899,2,113
1900,2,133
1901,1180,136
1902,2,119
1903,2,133
1904,2,134
1905,2,106
1906,1,132
1907,1,116
1908,2,144
1909,2,134
1910,2,127
1911,1276,125
1912,2,138
1913,2,134
1914,0,146
1915,2,111
1916,2,153
1917,2,112
1918,2,137
1919,2,152
1920,0,140
1921,1367,156
1922,2,147
1923,2,146
1924,1,155
1925,2,136
1926,1,146
1927,2,153
1928,2,125
1929,1,175
1930,2,137
1931,1452,142
1932,1,156
1933,2,146
1934,1,163
1935,2,156
1936,2,159
1937,1,158
1938,2,144
1939,2,136
1940,2,168
1941,1529,148
1942,2,179
1943,2,154
1944,2,166
1945,2,170
1946,1,162
1947,2,144
1948,1,170
1949,2,179
1950,2,162
1951,1598,152
1952,1,166
1953,2,160
1954,2,185
1955,2,168
1956,1,184
1957,2,188
1958,1,167
1959,2,154
1960,2,162
1961,1658,165
1962,2,191
1963,2,170
1964,1,172
1965,1,159
1966,2,191
1967,2,175
1968,2,181
1969,2,194
1970,2,169
1971,1705,182
1972,1,200
1973,2,157
1974,1,166
1975,2,173
1976,2,197
1977,2,183
1978,2,176
1979,2,172
1980,0,175
1981,1741,182
1982,1,175
1983,2,172
1984,2,164
1985,2,183
1986,2,182
1987,1,179
1988,1,182
1989,2,183
1990,2,170
1991,1761,178
1992,2,179
1993,2,203
1994,1,184
1995,1,195
1996,2,167
1997,2,170
1998,2,193
1999,2,182
2000,2,150
2001,1766,183
2002,2,169
2003,2,191
2004,2,180
2005,2,181
2006,1,199
2007,2,184
2008,1,184
2009,2,169
2010,2,188
2011,1761,160
2012,2,176
2013,2,186
2014,1,167
2015,2,161
2016,1,167
2017,2,196
2018,2,185
2019,2,162
2020,1,203
2021,1740,182
2022,1,166
2023,2,164
2024,2,190
2025,2,167
2026,2,176
2027,2,187
2028,0,185
2029,2,156
2030,2,170
2031,1705,168
2032,2,165
2033,2,175
2034,2,164
2035,2,171
2036,1,166
2037,1,185
2038,2,184
2039,2,165
2040,2,176
2041,1658,168
2042,2,146
2043,1,162
2044,2,160
2045,2,168
2046,1,181
2047,2,184
2048,2,176
2049,1,150
2050,2,166
2051,1598,135
2052,2,156
2053,2,189
2054,1,147
2055,2,152
2056,1,164
2057,2,186
2058,2,163
2059,2,138
2060,2,146
2061,1529,153
2062,2,151
2063,2,164
2064,2,154
2065,1,160
2066,2,148
2067,1,142
2068,2,157
2069,2,134
2070,2,150
2071,1451,144
2072,2,145
2073,1,156
2074,2,129
2075,2,142
2076,1,135
2077,2,157
2078,1,150
2079,2,127
2080,2,142
2081,1366,132
2082,1,143
2083,2,137
2084,2,129
2085,2,135
2086,2,138
2087,0,134
2088,2,130
2089,2,128
2090,2,114
2091,1276,123
2092,2,118
2093,2,127
2094,2,142
2095,1,131
2096,1,112
2097,2,129
2098,2,118
2099,2,120
2100,1,122
2101,1181,120
2102,2,102
2103,2,119
2104,2,127
2105,0,121
2106,2,121
2107,2,92
2108,2,92
2109,2,106
2110,1,103
2111,1085,115
2112,2,115
2113,2,121
2114,1,107
2115,2,108
2116,2,97
2117,1,109
2118,2,92
2119,1,96
2120,2,85
2121,990,82
2122,1,112
2123,1,92
2124,2,93
2125,2,90
2126,2,107
2127,1,89
2128,1,94
2129,2,91
2130,2,87
2131,893,79
2132,2,86
2133,2,89
2134,1,78
2135,2,94
2136,1,82
2137,2,90
2138,2,85
2139,1,73
2140,2,79
2141,801,69
2142,2,65
2143,1,87
2144,1,83
2145,2,80
2146,2,78
2147,2,69
2148,1,66
2149,1,83
2150,2,72
2151,711,62
2152,2,55
2153,2,73
2154,1,62
2155,1,69
2156,2,55
2157,2,56
2158,2,78
2159,2,56
2160,1,57
2161,626,61
2162,2,60
2163,2,69
2164,2,48
2165,2,53
2166,1,66
2167,1,65
2168,2,51
2169,2,47
2170,2,49
2171,546,51
2172,2,53
2173,2,46
2174,2,44
2175,2,43
2176,1,45
2177,1,55
2178,2,51
2179,1,44
2180,2,48
2181,475,42
2182,2,45
2183,2,32
2184,2,38
2185,0,42
2186,2,44
2187,2,44
2188,2,44
2189,1,47
2190,1,26
2191,407,40
2192,2,35
2193,1,43
2194,2,34
2195,2,37
2196,2,31
2197,1,45
2198,1,39
2199,2,43
2200,2,26
2201,347,27
2202,1,28
2203,2,28
2204,1,43
2205,2,20
2206,2,33
2207,1,38
2208,1,25
2209,2,22
2210,2,34
2211,291,19
2212,2,32
2213,2,31
2214,2,28
2215,2,18
2216,0,23
2217,2,23
2218,2,21
2219,1,22
2220,1,26
2221,245,25
2222,1,25
2223,1,24
2224,2,23
2225,2,22
2226,2,19
2227,1,20
2228,1,20
2229,2,15
2230,2,20
2231,201,23
2232,2,24
2233,0,17
2234,2,25
2235,2,19
2236,1,14
2237,1,18
2238,2,11
2239,2,18
2240,1,16
2241,165,15
2242,2,15
2243,2,16
2244,1,15
2245,1,15
2246,2,10
2247,2,18
2248,1,10
2249,1,15
2250,2,15
2251,133,13
2252,1,14
2253,2,10
2254,1,13
2255,2,14
2256,1,7
2257,2,10
2258,1,14
2259,1,12
2260,2,9
2261,107,11
2262,2,9
2263,1,12
2264,1,10
2265,2,7
2266,1,6
2267,1,12
2268,2,8
2269,2,6
2270,0,8
2271,84,9
2272,2,6
2273,2,9
2274,0,6
2275,2,8
2276,2,5
2277,0,10
2278,2,7
2279,2,2
2280,2,7
2281,65,2
2282,0,4
2283,2,4
2284,2,6
2285,1,7
2286,1,5
2287,2,5
2288,0,9
2289,2,7
2290,2,6
2291,49,7
2292,2,4
2293,2,1
2294,0,4
2295,2,5
2296,0,2
2297,2,7
2298,1,4
2299,1,3
2300,2,6
2301,37,5
2302,2,3
2303,1,4
2304,1,2
2305,2,5
2306,1,5
2307,0,4
2308,2,3
2309,1,3
2310,2,5
2311,26,2
2312,2,2
2313,2,2
2314,0,3
2315,2,2
2316,0,2
2317,2,5
2318,1,1
2319,1,3
2320,2,3
2321,17,2
2322,2,0
2323,2,3
2324,0,2
2325,2,2
2326,1,4
2327,0,0
2328,2,3
2329,1,1
2330,1,1
2331,13,2
2332,1,0
2333,2,4
2334,1,2
2335,1,1
2336,1,3
2337,1,1
2338,0,1
2339,2,0
2340,1,1
2341,8,4
2342,1,2
2343,1,1
2344,1,1
2345,2,1
2346,1,2
2347,0,0
2348,1,1
2349,1,1
2350,2,1
2351,3,1
2352,2,0
2353,1,1
2354,1,1
2355,1,2
2356,1,1
2357,0,0
2358,1,1
2359,1,0
2360,1,0
2361,3,2
2362,1,0
2363,1,1
2364,0,0
2365,1,2
2366,0,0
2367,1,1
2368,0,1
2369,1,1
2370,1,0
2371,1,0
2372,1,0
2373,0,0
2374,1,1
2375,1,0
2376,1,0
2377,0,0
2378,1,1
2379,1,1
2380,1,1
2381,0,0
2382,0,0
2383,0,0
2384,0,0
2385,1,1
2386,0,0
2387,0,0
2388,0,0
2389,1,0
2390,1,1
2391,0,0
2392,0,1
2393,1,1
2394,0,0
2395,0,0
2396,1,2
2397,0,0
2398,0,0
2399,0,0
2400,0,0
2401,0,0
2402,2,0
2403,0,0
2404,0,0
2405,1,0
2406,0,0
2407,0,0
2408,0,2
2409,1,0
2410,0,0
2411,0,0
2412,0,0
2413,0,0
2414,0,1
2415,1,0
2416,0,0
2417,0,0
2418,0,0
2419,0,0
2420,0,0
2421,0,0
2422,0,0
2423,0,0
2424,1,0
2425,0,0
2426,0,0
2427,0,0
2428,0,0
2429,0,0
2430,0,0
2431,0,0
2432,0,0
2433,0,0
2434,0,0
2435,0,0
2436,0,0
2437,0,0
2438,0,0
2439,0,0
2440,0,0
2441,0,1
2442,0,0
2443,0,1
2444,0,0
2445,0,0
2446,0,0
2447,0,0
2448,0,0
2449,0,0
2450,0,0
2451,0,0
2452,0,0
2453,0,0
2454,0,0
2455,0,0
2456,0,0
2457,0,0
2458,0,0
2459,0,0
2460,0,0
2461,0,0
2462,0,0
2463,0,0
2464,0,0
2465,0,0
2466,0,0
2467,0,0
2468,0,0
2469,0,0
2470,0,0
2471,0,0
2472,0,0
2473,0,0
2474,0,0
2475,0,0
2476,0,0
2477,0,0
2478,0,0
2479,0,0
2480,0,0
2481,0,0
2482,0,0
2483,0,0
2484,0,0
2485,0,0
2486,0,0
2487,0,0
2488,0,0
2489,0,0
2490,0,0
2491,0,0
2492,0,0
2493,0,0
2494,0,0
2495,0,0
2496,0,0
2497,0,0
2498,0,0
2499,0,0
2500,0,0
2501,0,0
2502,0,0
2503,0,0
2504,0,0
2505,0,0
2506,0,0
2507,0,0
2508,0,0
2509,0,0
2510,0,0
2511,0,0
2512,0,0
2513,0,0
2514,0,0
2515,0,0
2516,0,0
2517,0,0
2518,0,0
2519,0,0
2520,0,0
2521,0,0
2522,0,0
2523,0,0
2524,0,0
2525,0,0
2526,0,0
2527,0,0
2528,0,0
2529,0,0
2530,0,0
2531,0,0
2532,0,0
2533,0,0
2534,0,0
2535,0,0
2536,0,0
2537,0,0
2538,0,0
2539,0,0
2540,0,0
2541,0,0
2542,0,0
2543,0,0
2544,0,0
2545,0,0
2546,0,0
2547,0,0
2548,0,0
2549,0,0
2550,0,0
2551,0,0
2552,0,0
2553,0,0
2554,0,0
2555,0,0
2556,0,0
2557,0,0
2558,0,0
2559,0,0
2560,0,0
2561,0,0
2562,0,0
2563,0,0
2564,0,0
2565,0,0
2566,0,0
2567,0,0
2568,0,0
2569,0,0
2570,0,0
2571,0,0
2572,0,0
2573,0,0
2574,0,0
2575,0,0
2576,0,0
2577,0,0
2578,0,0
2579,0,0
2580,0,0
2581,0,0
2582,0,0
2583,0,0
2584,0,0
2585,0,0
2586,0,0
2587,0,0
2588,0,0
2589,0,0
2590,0,0
2591,0,0
2592,0,0
2593,0,0
2594,0,0
2595,0,0
2596,0,0
2597,0,0
2598,0,0
2599,0,0
2600,0,0
2601,0,0
2602,0,0
2603,0,0
2604,0,0
2605,0,0
2606,0,0
2607,0,0
2608,0,0
2609,0,0
2610,0,0
2611,0,0
2612,0,0
2613,0,0
2614,0,0
2615,0,0
2616,0,0
2617,0,0
2618,0,0
2619,0,0
2620,0,0
2621,0,0
2622,0,0
2623,0,0
2624,0,0
2625,0,0
2626,0,0
2627,0,0
2628,0,0
2629,0,0
2630,0,0
2631,0,0
2632,0,0
2633,0,0
2634,0,0
2635,0,0
2636,0,0
2637,0,0
2638,0,0
2639,0,0
2640,0,0
2641,0,0
2642,0,0
2643,0,0
2644,0,0
2645,0,0
2646,0,0
2647,0,0
2648,0,0
2649,0,0
2650,0,0
2651,0,0
2652,0,0
2653,0,0
2654,0,0
2655,0,0
2656,0,0
2657,0,0
2658,0,0
2659,0,0
2660,0,0
2661,0,0
2662,0,0
2663,0,0
2664,0,0
2665,0,0
2666,0,0
2667,0,0
2668,0,0
2669,0,0
2670,0,0
2671,0,0
2672,0,0
2673,0,0
2674,0,0
2675,0,0
2676,0,0
2677,0,0
2678,0,0
2679,0,0
2680,0,0
2681,0,0
2682,0,0
2683,0,0
2684,0,0
2685,0,0
2686,0,0
2687,0,0
2688,0,0
2689,0,0
2690,0,0
2691,0,0
2692,0,0
2693,0,0
2694,0,0
2695,0,0
2696,0,0
2697,0,0
2698,0,0
2699,0,0
2700,0,0
2701,0,0
2702,0,0
2703,0,0
2704,0,0
2705,0,0
2706,0,0
2707,0,0
2708,0,0
2709,0,0
2710,0,0
2711,0,0
2712,0,0
2713,0,0
2714,0,0
2715,0,0
2716,0,0
2717,0,0
2718,0,0
2719,0,0
2720,0,0
2721,0,0
2722,0,0
2723,0,0
2724,0,0
2725,0,0
2726,0,0
2727,0,0
2728,0,0
2729,0,0
2730,0,0
2731,0,0
2732,0,0
2733,0,0
2734,0,0
2735,0,0
2736,0,0
2737,0,0
2738,0,0
2739,0,0
2740,0,0
2741,0,0
2742,0,0
2743,0,0
2744,0,0
2745,0,0
2746,0,0
2747,0,0
2748,0,0
2749,0,0
2750,0,0
2751,0,0
2752,0,0
2753,0,0
2754,0,0
2755,0,0
2756,0,0
2757,0,0
2758,0,0
2759,0,0
2760,0,0
2761,0,0
2762,0,0
2763,0,0
2764,0,0
2765,0,0
2766,0,0
2767,0,0
2768,0,0
2769,0,0
2770,0,0
2771,0,0
2772,0,0
2773,0,0
2774,0,0
2775,0,0
2776,0,0
2777,0,0
2778,0,0
2779,0,0
2780,0,0
2781,0,0
2782,0,0
2783,0,0
2784,0,0
2785,0,0
2786,0,0
2787,0,0
2788,0,0
2789,0,0
2790,0,0
2791,0,0
2792,0,0
2793,0,0
2794,0,0
2795,0,0
2796,0,0
2797,0,0
2798,0,0
2799,0,0
2800,0,0
2801,0,0
2802,0,0
2803,0,0
2804,0,0
2805,0,0
2806,0,0
2807,0,0
2808,0,0
2809,0,0
2810,0,0
2811,0,0
2812,0,0
2813,0,0
2814,0,0
2815,0,0
2816,0,0
2817,0,0
2818,0,0
2819,0,0
2820,0,0
2821,0,0
2822,0,0
2823,0,0
2824,0,0
2825,0,0
2826,0,0
2827,0,0
2828,0,0
2829,0,0
2830,0,0
2831,0,0
2832,0,0
2833,0,0
2834,0,0
2835,0,0
2836,0,0
2837,0,0
2838,0,0
2839,0,0
2840,0,0
2841,0,0
2842,0,0
2843,0,0
2844,0,0
2845,0,0
2846,0,0
2847,0,0
2848,0,0
2849,0,0
2850,0,0
2851,0,0
2852,0,0
2853,0,0
2854,0,0
2855,0,0
2856,0,0
2857,0,0
2858,0,0
2859,0,0
2860,0,0
2861,0,0
2862,0,0
2863,0,0
2864,0,0
2865,0,0
2866,0,0
2867,0,0
2868,0,0
2869,0,0
2870,0,0
2871,0,0
2872,0,0
2873,0,0
2874,0,0
2875,0,0
2876,0,0
2877,0,0
2878,0,0
2879,0,0
2880,0,0
2881,0,0
2882,0,0
2883,0,0
2884,0,0
2885,0,0
2886,0,0
2887,0,0
2888,0,0
2889,0,0
2890,0,0
2891,0,0
2892,0,0
2893,0,0
2894,0,0
2895,0,0
2896,0,0
2897,0,0
2898,0,0
2899,0,0
2900,0,0
2901,0,0
2902,0,0
2903,0,0
2904,0,0
2905,0,0
2906,0,0
2907,0,0
2908,0,0
2909,0,0
2910,0,0
2911,0,0
2912,0,0
2913,0,0
2914,0,0
2915,0,0
2916,0,0
2917,0,0
2918,0,0
2919,0,0
2920,0,0
2921,0,0
2922,0,0
2923,0,0
2924,0,0
2925,0,0
2926,0,0
2927,0,0
2928,0,0
2929,0,0
2930,0,0
2931,0,0
2932,0,0
2933,0,0
2934,0,0
2935,0,0
2936,0,0
2937,0,0
2938,0,0
2939,0,0
2940,0,0
2941,0,0
2942,0,0
2943,0,0
2944,0,0
2945,0,0
2946,0,0
2947,0,0
2948,0,0
