0,0,0
1,0,0
2,0,0
3,0,0
4,0,0
5,0,0
6,0,0
7,0,0
8,0,0
9,0,0
10,0,0
11,0,0
12,0,0
13,0,0
14,0,0
15,0,0
16,0,0
17,0,0
18,0,0
19,0,0
20,0,0
21,0,0
22,0,0
23,0,0
24,0,0
25,0,0
26,0,0
27,0,0
28,0,0
29,0,0
30,0,0
31,0,0
32,0,0
33,0,0
34,0,0
35,0,0
36,0,0
37,0,0
38,0,0
39,0,0
40,0,0
41,0,0
42,0,0
43,0,0
44,0,0
45,0,0
46,0,0
47,0,0
48,0,0
49,0,0
50,0,0
51,0,0
52,0,0
53,0,0
54,0,0
55,0,0
56,0,0
57,0,0
58,0,0
59,0,0
60,0,0
61,0,0
62,0,0
63,0,0
64,0,0
65,0,0
66,0,0
67,0,0
68,0,0
69,0,0
70,0,0
71,0,0
72,0,0
73,0,0
74,0,0
75,0,0
76,0,0
77,0,0
78,0,0
79,0,0
80,0,0
81,0,0
82,0,0
83,0,0
84,0,0
85,0,0
86,0,0
87,0,0
88,0,0
89,0,0
90,0,0
91,0,0
92,0,0
93,0,0
94,0,0
95,0,0
96,0,0
97,0,0
98,0,0
99,0,0
100,0,0
101,0,0
102,0,0
103,0,0
104,0,0
105,0,0
106,0,0
107,0,0
108,0,0
109,0,0
110,0,1
111,0,0
112,0,0
113,0,0
114,0,0
115,0,0
116,0,0
117,0,0
118,0,0
119,0,1
120,0,0
121,0,0
122,0,0
123,0,0
124,0,1
125,0,0
126,0,0
127,0,0
128,0,0
129,0,0
130,0,0
131,0,0
132,0,0
133,0,0
134,0,0
135,0,0
136,0,0
137,0,0
138,0,0
139,0,0
140,0,0
141,0,0
142,0,0
143,0,0
144,0,0
145,0,0
146,0,0
147,0,0
148,0,0
149,0,0
150,0,0
151,0,0
152,0,0
153,0,0
154,0,0
155,0,0
156,0,0
157,0,0
158,0,0
159,0,0
160,0,0
161,0,0
162,0,0
163,0,0
164,0,0
165,0,0
166,0,0
167,0,0
168,0,0
169,0,0
170,0,0
171,0,0
172,0,0
173,0,0
174,0,0
175,0,0
176,0,0
177,0,0
178,0,0
179,0,0
180,0,0
181,0,0
182,0,0
183,0,0
184,0,0
185,0,0
186,0,0
187,0,0
188,0,0
189,0,0
190,0,0
191,0,0
192,0,0
193,0,0
194,0,0
195,0,0
196,0,0
197,0,0
198,0,0
199,0,0
200,0,0
201,0,0
202,0,0
203,0,0
204,0,0
205,0,0
206,0,0
207,0,0
208,0,0
209,0,0
210,0,0
211,0,0
212,0,0
213,0,0
214,0,0
215,0,0
216,0,0
217,0,0
218,0,0
219,0,0
220,0,0
221,0,0
222,0,0
223,0,0
224,0,0
225,0,0
226,0,0
227,0,0
228,0,0
229,0,0
230,0,0
231,0,0
232,0,0
233,0,0
234,0,0
235,0,0
236,0,0
237,0,0
238,0,0
239,0,0
240,0,0
241,0,0
242,0,0
243,0,0
244,0,0
245,0,0
246,0,0
247,0,0
248,0,0
249,0,0
250,0,0
251,0,0
252,0,0
253,0,0
254,0,0
255,0,0
256,0,0
257,0,0
258,0,0
259,0,0
260,0,0
261,0,0
262,0,0
263,0,0
264,0,0
265,0,0
266,0,0
267,0,0
268,0,0
269,0,0
270,0,0
271,0,0
272,0,0
273,0,0
274,0,0
275,0,0
276,0,0
277,0,0
278,0,0
279,0,0
280,0,0
281,0,0
282,0,0
283,0,0
284,0,0
285,0,0
286,0,0
287,0,0
288,0,0
289,0,0
290,0,0
291,0,0
292,0,0
293,0,0
294,0,0
295,0,0
296,0,0
297,0,1
298,0,0
299,0,0
300,0,1
301,0,0
302,0,0
303,0,0
304,0,0
305,0,0
306,0,0
307,0,0
308,0,0
309,0,0
310,0,0
311,0,0
312,0,1
313,0,0
314,0,0
315,0,0
316,0,0
317,0,0
318,0,0
319,0,0
320,0,0
321,0,0
322,0,0
323,0,0
324,0,0
325,0,0
326,0,0
327,0,0
328,0,0
329,0,0
330,0,1
331,0,0
332,0,0
333,0,0
334,0,2
335,0,0
336,0,0
337,0,0
338,0,0
339,0,0
340,0,0
341,0,0
342,0,0
343,0,0
344,0,0
345,0,0
346,0,0
347,0,1
348,0,0
349,0,0
350,0,0
351,0,0
352,0,0
353,0,0
354,0,0
355,0,0
356,0,0
357,0,0
358,0,0
359,0,0
360,0,0
361,0,0
362,0,1
363,0,0
364,0,0
365,0,0
366,0,0
367,0,1
368,0,0
369,0,0
370,0,0
371,0,1
372,0,0
373,0,0
374,0,0
375,0,0
376,0,0
377,0,0
378,0,0
379,0,0
380,0,0
381,0,0
382,0,0
383,0,0
384,0,0
385,0,0
386,0,0
387,0,0
388,0,0
389,0,0
390,0,0
391,0,1
392,0,2
393,0,0
394,0,0
395,0,0
396,0,0
397,0,0
398,0,0
399,0,1
400,0,0
401,0,0
402,0,0
403,0,0
404,0,1
405,0,0
406,0,0
407,0,0
408,0,1
409,0,0
410,0,0
411,0,0
412,0,0
413,0,0
414,0,0
415,0,1
416,0,1
417,0,1
418,0,0
419,0,0
420,0,0
421,0,1
422,0,0
423,0,0
424,0,0
425,0,0
426,0,0
427,0,0
428,0,0
429,0,1
430,0,0
431,0,0
432,0,0
433,0,0
434,0,0
435,0,0
436,0,1
437,0,1
438,0,0
439,0,0
440,0,1
441,0,0
442,0,1
443,0,0
444,0,1
445,0,0
446,0,0
447,0,0
448,0,0
449,0,0
450,0,0
451,0,0
452,0,0
453,0,0
454,0,0
455,0,2
456,0,1
457,0,0
458,0,0
459,0,2
460,0,0
461,0,0
462,0,0
463,0,0
464,0,0
465,0,1
466,0,0
467,0,0
468,0,0
469,0,1
470,0,0
471,0,1
472,0,2
473,0,0
474,0,0
475,0,1
476,0,0
477,0,0
478,0,0
479,0,1
480,0,1
481,0,1
482,0,1
483,0,0
484,0,1
485,0,0
486,0,1
487,0,0
488,0,0
489,0,2
490,0,1
491,0,1
492,0,0
493,0,0
494,0,0
495,0,0
496,0,1
497,0,0
498,0,0
499,0,2
500,0,2
501,0,1
502,0,0
503,0,1
504,0,1
505,0,0
506,0,0
507,0,0
508,0,2
509,0,0
510,0,0
511,0,0
512,0,1
513,0,2
514,0,1
515,0,1
516,0,1
517,0,1
518,0,1
519,0,0
520,0,0
521,0,0
522,0,2
523,0,0
524,0,1
525,0,2
526,0,1
527,0,1
528,0,1
529,0,2
530,0,0
531,0,0
532,0,1
533,0,1
534,0,0
535,0,0
536,0,0
537,0,2
538,0,2
539,0,0
540,0,1
541,0,1
542,0,0
543,0,0
544,0,0
545,0,4
546,0,2
547,0,1
548,0,0
549,0,1
550,0,1
551,0,1
552,0,2
553,0,1
554,0,0
555,0,0
556,0,2
557,0,3
558,0,1
559,0,0
560,0,1
561,0,3
562,0,2
563,0,1
564,0,1
565,0,1
566,0,2
567,0,1
568,0,0
569,0,1
570,0,1
571,0,3
572,0,1
573,0,2
574,0,0
575,0,1
576,0,0
577,0,0
578,0,3
579,0,0
580,0,1
581,0,1
582,0,1
583,0,2
584,0,1
585,0,1
586,0,1
587,0,3
588,0,2
589,0,0
590,0,1
591,0,4
592,0,3
593,0,2
594,0,0
595,0,1
596,0,1
597,0,2
598,0,3
599,0,2
600,0,1
601,0,2
602,0,5
603,0,0
604,0,4
605,0,1
606,0,0
607,0,5
608,0,1
609,0,1
610,0,2
611,0,0
612,0,0
613,0,3
614,0,2
615,0,2
616,0,2
617,0,1
618,0,2
619,0,3
620,0,0
621,0,1
622,0,0
623,0,2
624,0,2
625,0,2
626,0,3
627,0,1
628,0,2
629,0,2
630,0,4
631,0,1
632,0,4
633,0,2
634,0,1
635,0,1
636,0,2
637,0,2
638,0,1
639,0,1
640,0,3
641,0,4
642,0,4
643,0,1
644,0,3
645,0,3
646,0,3
647,0,1
648,0,2
649,0,4
650,0,2
651,0,2
652,0,1
653,0,2
654,0,1
655,0,3
656,0,1
657,0,6
658,0,2
659,0,3
660,0,5
661,0,1
662,0,4
663,0,2
664,0,3
665,0,1
666,0,2
667,0,8
668,0,3
669,0,3
670,0,2
671,0,3
672,0,3
673,0,1
674,0,5
675,0,4
676,0,4
677,0,2
678,0,4
679,0,5
680,0,6
681,0,3
682,0,1
683,0,3
684,0,5
685,0,3
686,0,3
687,0,0
688,0,4
689,0,4
690,0,2
691,0,3
692,0,6
693,0,3
694,0,3
695,0,2
696,0,4
697,0,2
698,0,1
699,0,5
700,0,9
701,0,2
702,0,6
703,0,3
704,0,5
705,0,1
706,0,4
707,0,3
708,0,4
709,0,5
710,0,6
711,0,1
712,0,8
713,0,4
714,0,6
715,0,2
716,0,7
717,0,6
718,0,1
719,0,5
720,0,2
721,0,6
722,0,5
723,0,4
724,0,5
725,0,3
726,0,7
727,0,6
728,0,6
729,0,3
730,0,2
731,0,2
732,0,6
733,0,8
734,0,4
735,0,6
736,0,7
737,0,6
738,0,2
739,0,5
740,0,8
741,0,4
742,0,5
743,0,7
744,0,4
745,0,6
746,0,5
747,0,10
748,0,7
749,0,4
750,0,7
751,0,8
752,0,6
753,0,8
754,0,5
755,0,2
756,0,6
757,0,10
758,0,7
759,0,4
760,0,7
761,0,8
762,0,9
763,0,5
764,0,4
765,0,5
766,0,10
767,0,6
768,0,6
769,0,5
770,0,10
771,0,4
772,0,6
773,0,6
774,0,10
775,0,6
776,0,6
777,0,10
778,0,11
779,0,6
780,0,8
781,0,8
782,0,8
783,0,5
784,0,7
785,0,6
786,0,10
787,0,5
788,0,8
789,0,10
790,0,12
791,0,8
792,0,6
793,0,10
794,0,13
795,0,5
796,0,7
797,0,12
798,0,5
799,0,11
800,0,7
801,0,7
802,0,5
803,0,10
804,0,12
805,0,14
806,0,11
807,0,12
808,0,5
809,0,17
810,0,3
811,0,8
812,0,9
813,0,13
814,0,9
815,0,8
816,0,9
817,0,16
818,0,15
819,0,11
820,0,8
821,0,6
822,0,10
823,0,11
824,0,14
825,0,12
826,0,10
827,0,14
828,0,11
829,0,12
830,0,8
831,0,14
832,0,7
833,0,11
834,0,13
835,0,11
836,0,11
837,0,16
838,0,13
839,0,11
840,0,13
841,0,11
842,0,12
843,0,9
844,0,13
845,0,14
846,0,7
847,0,10
848,0,14
849,0,17
850,0,10
851,0,10
852,0,18
853,0,16
854,0,15
855,0,9
856,0,10
857,0,18
858,0,18
859,0,16
860,0,11
861,0,16
862,0,14
863,0,13
864,0,18
865,0,11
866,0,17
867,0,15
868,0,18
869,0,13
870,0,13
871,0,16
872,0,18
873,0,15
874,0,9
875,0,13
876,0,22
877,0,19
878,0,14
879,0,22
880,0,19
881,0,7
882,0,13
883,0,19
884,0,18
885,0,10
886,0,22
887,0,16
888,0,11
889,0,18
890,0,19
891,0,24
892,0,11
893,0,19
894,0,20
895,0,16
896,0,17
897,0,17
898,0,16
899,0,18
900,0,18
901,0,17
902,0,20
903,0,19
904,0,21
905,0,23
906,0,23
907,0,22
908,0,15
909,0,12
910,0,18
911,0,17
912,0,19
913,0,23
914,0,23
915,0,19
916,0,28
917,0,21
918,0,22
919,0,20
920,0,23
921,0,17
922,0,19
923,0,18
924,0,17
925,0,20
926,0,18
927,0,23
928,0,27
929,0,25
930,0,21
931,0,20
932,0,31
933,0,27
934,0,19
935,0,17
936,0,21
937,0,27
938,0,14
939,0,20
940,0,21
941,0,20
942,0,26
943,0,18
944,0,24
945,0,29
946,0,20
947,0,31
948,0,19
949,0,26
950,0,26
951,0,28
952,0,19
953,0,22
954,0,22
955,0,31
956,0,29
957,0,25
958,0,22
959,0,33
960,0,25
961,0,31
962,0,24
963,0,30
964,0,19
965,0,21
966,0,45
967,0,21
968,0,27
969,0,27
970,0,32
971,0,28
972,0,26
973,0,28
974,0,25
975,0,33
976,0,18
977,0,39
978,0,39
979,0,24
980,0,32
981,0,31
982,0,26
983,0,29
984,0,19
985,0,31
986,0,33
987,0,32
988,0,34
989,0,27
990,0,37
991,0,39
992,0,18
993,0,35
994,0,20
995,0,37
996,0,36
997,0,32
998,0,30
999,0,41
1000,0,39
1001,0,28
1002,0,39
1003,0,27
1004,0,30
1005,0,33
1006,0,34
1007,0,27
1008,0,37
1009,0,36
1010,0,45
1011,0,33
1012,0,40
1013,0,36
1014,0,33
1015,0,31
1016,0,35
1017,0,35
1018,0,35
1019,0,39
1020,0,40
1021,0,35
1022,0,35
1023,0,41
1024,0,32
1025,0,42
1026,1,39
1027,0,40
1028,0,38
1029,0,32
1030,0,44
1031,0,42
1032,0,37
1033,0,46
1034,0,34
1035,1,37
1036,0,42
1037,0,33
1038,0,46
1039,0,43
1040,0,49
1041,0,38
1042,0,39
1043,0,36
1044,0,50
1045,0,42
1046,0,50
1047,0,37
1048,0,37
1049,1,41
1050,0,53
1051,0,41
1052,0,56
1053,0,34
1054,0,38
1055,0,39
1056,1,46
1057,0,50
1058,0,42
1059,0,46
1060,0,48
1061,0,49
1062,0,41
1063,0,36
1064,0,55
1065,0,43
1066,0,51
1067,0,42
1068,0,63
1069,0,50
1070,1,46
1071,1,46
1072,0,39
1073,0,61
1074,0,41
1075,0,52
1076,0,46
1077,0,52
1078,0,64
1079,0,36
1080,1,61
1081,0,38
1082,0,56
1083,0,60
1084,2,53
1085,0,52
1086,0,47
1087,1,52
1088,0,44
1089,0,57
1090,0,39
1091,0,48
1092,0,47
1093,0,60
1094,1,67
1095,0,55
1096,1,48
1097,0,57
1098,0,46
1099,0,61
1100,1,52
1101,1,51
1102,1,52
1103,0,54
1104,0,60
1105,0,59
1106,2,57
1107,0,53
1108,0,56
1109,1,54
1110,1,52
1111,1,66
1112,2,53
1113,0,51
1114,1,57
1115,1,62
1116,0,56
1117,1,59
1118,1,58
1119,0,47
1120,2,73
1121,3,57
1122,1,58
1123,0,64
1124,2,64
1125,0,60
1126,1,64
1127,1,61
1128,1,77
1129,1,64
1130,1,60
1131,6,60
1132,1,53
1133,1,67
1134,2,73
1135,1,74
1136,0,69
1137,1,61
1138,1,56
1139,0,69
1140,2,73
1141,11,54
1142,2,57
1143,0,67
1144,2,70
1145,0,69
1146,0,78
1147,2,55
1148,1,62
1149,1,81
1150,2,65
1151,16,70
1152,1,64
1153,0,81
1154,2,65
1155,1,62
1156,1,63
1157,2,82
1158,0,60
1159,2,64
1160,1,70
1161,24,71
1162,2,73
1163,1,78
1164,1,71
1165,1,79
1166,1,79
1167,2,62
1168,1,74
1169,1,63
1170,1,67
1171,34,85
1172,2,71
1173,2,77
1174,0,72
1175,2,58
1176,1,73
1177,1,75
1178,1,72
1179,1,80
1180,2,87
1181,48,73
1182,1,68
1183,2,70
1184,0,94
1185,2,71
1186,1,87
1187,1,78
1188,1,79
1189,2,72
1190,2,78
1191,64,78
1192,2,74
1193,0,80
1194,2,75
1195,1,73
1196,1,74
1197,1,81
1198,2,80
1199,1,80
1200,2,95
1201,85,70
1202,1,94
1203,2,84
1204,1,82
1205,1,75
1206,2,73
1207,1,81
1208,1,78
1209,2,80
1210,2,81
1211,110,99
1212,2,92
1213,1,89
1214,1,65
1215,2,102
1216,1,80
1217,1,76
1218,2,81
1219,2,78
1220,1,76
1221,142,70
1222,1,94
1223,2,92
1224,2,107
1225,0,87
1226,2,91
1227,2,95
1228,0,83
1229,2,93
1230,2,79
1231,180,87
1232,2,78
1233,2,82
1234,1,88
1235,2,110
1236,1,84
1237,1,84
1238,2,99
1239,1,94
1240,2,100
1241,225,90
1242,1,91
1243,2,86
1244,1,97
1245,2,96
1246,1,83
1247,2,87
1248,1,94
1249,1,93
1250,2,93
1251,280,100
1252,1,85
1253,2,97
1254,2,102
1255,1,96
1256,1,114
1257,2,102
1258,1,86
1259,2,90
1260,2,99
1261,343,91
1262,2,85
1263,1,101
1264,2,96
1265,1,96
1266,2,107
1267,1,93
1268,1,107
1269,2,93
1270,2,95
1271,416,99
1272,2,93
1273,2,93
1274,1,105
1275,2,119
1276,1,100
1277,2,114
1278,1,98
1279,1,99
1280,2,88
1281,501,96
1282,2,93
1283,2,92
1284,2,109
1285,1,115
1286,1,106
1287,2,101
1288,2,114
1289,1,88
1290,2,108
1291,598,109
1292,1,87
1293,2,114
1294,2,123
1295,1,111
1296,1,104
1297,2,116
1298,2,94
1299,1,94
1300,2,107
1301,708,125
1302,2,94
1303,0,108
1304,2,112
1305,2,107
1306,2,115
1307,0,105
1308,2,124
1309,2,104
1310,2,112
1311,828,92
1312,2,110
1313,1,111
1314,2,100
1315,1,105
1316,2,121
1317,2,126
1318,1,112
1319,2,102
1320,1,107
1321,964,109
1322,2,112
1323,1,109
1324,1,119
1325,2,114
1326,2,104
1327,1,112
1328,2,109
1329,1,122
1330,2,110
1331,1110,99
1332,1,112
1333,2,111
1334,2,94
1335,2,104
1336,0,118
1337,2,128
1338,2,136
1339,2,112
1340,2,102
1341,1268,109
1342,2,101
1343,2,115
1344,0,108
1345,2,119
1346,2,117
1347,2,109
1348,1,105
1349,2,138
1350,2,116
1351,1438,119
1352,1,116
1353,1,99
1354,2,120
1355,2,124
1356,2,110
1357,0,124
1358,2,93
1359,2,124
1360,2,131
1361,1615,121
1362,2,125
1363,2,109
1364,1,122
1365,1,104
1366,2,110
1367,2,128
1368,1,125
1369,2,104
1370,1,134
1371,1802,107
1372,2,117
1373,2,122
1374,1,118
1375,1,126
1376,2,125
1377,2,126
1378,2,121
1379,1,111
1380,1,105
1381,1993,122
1382,2,124
1383,1,121
1384,1,111
1385,2,121
1386,2,137
1387,1,133
1388,2,116
1389,1,115
1390,2,122
1391,2186,113
1392,1,115
1393,2,137
1394,1,121
1395,2,125
1396,1,114
1397,2,128
1398,2,127
1399,1,121
1400,2,121
1401,2378,105
1402,2,135
1403,1,100
1404,2,136
1405,1,145
1406,2,144
1407,2,113
1408,1,111
1409,2,117
1410,2,138
1411,2566,118
1412,2,119
1413,2,144
1414,1,109
1415,2,138
1416,1,114
1417,2,107
1418,2,129
1419,1,134
1420,2,128
1421,2747,103
1422,2,128
1423,1,147
1424,2,134
1425,2,118
1426,2,134
1427,1,115
1428,1,127
1429,2,135
1430,2,134
1431,2918,126
1432,2,150
1433,1,126
1434,1,129
1435,2,129
1436,2,116
1437,2,133
1438,1,127
1439,2,139
1440,2,122
1441,3075,119
1442,1,126
1443,2,124
1444,2,125
1445,1,123
1446,2,126
1447,2,136
1448,1,143
1449,2,116
1450,1,132
1451,3213,143
1452,2,121
1453,2,110
1454,2,129
1455,0,128
1456,2,102
1457,2,142
1458,2,136
1459,1,121
1460,2,122
1461,3331,141
1462,2,115
1463,1,139
1464,2,117
1465,2,141
1466,2,117
1467,1,136
1468,1,112
1469,2,126
1470,2,139
1471,3426,121
1472,2,144
1473,1,129
1474,2,120
1475,2,124
1476,1,133
1477,1,142
1478,2,132
1479,2,130
1480,2,129
1481,3495,133
1482,2,134
1483,2,141
1484,1,118
1485,1,129
1486,2,138
1487,2,122
1488,2,118
1489,2,133
1490,1,133
1491,3537,144
1492,2,131
1493,2,114
1494,2,141
1495,0,146
1496,2,137
1497,2,116
1498,2,136
1499,2,122
1500,2,133
1501,3550,134
1502,2,134
1503,2,131
1504,2,130
1505,2,139
1506,1,130
1507,1,133
1508,2,120
1509,2,129
1510,2,121
1511,3538,131
1512,1,142
1513,1,142
1514,2,146
1515,2,133
1516,2,143
1517,1,126
1518,1,116
1519,2,100
1520,2,115
1521,3495,152
1522,2,142
1523,2,139
1524,1,134
1525,2,128
1526,1,130
1527,2,137
1528,2,134
1529,1,136
1530,2,125
1531,3426,137
1532,2,137
1533,1,115
1534,2,140
1535,1,122
1536,2,105
1537,2,130
1538,2,169
1539,1,153
1540,2,126
1541,3331,122
1542,1,150
1543,2,130
1544,2,136
1545,2,126
1546,1,145
1547,2,134
1548,1,126
1549,2,124
1550,2,134
1551,3213,152
1552,1,119
1553,2,130
1554,2,117
1555,1,123
1556,2,148
1557,2,127
1558,1,131
1559,2,128
1560,1,120
1561,3075,130
1562,2,158
1563,1,117
1564,2,142
1565,2,115
1566,2,138
1567,1,127
1568,1,124
1569,2,139
1570,2,111
1571,2918,124
1572,2,129
1573,2,117
1574,2,129
1575,0,147
1576,2,132
1577,2,138
1578,2,143
1579,1,120
1580,2,121
1581,2747,119
1582,1,127
1583,2,125
1584,2,132
1585,2,131
1586,1,114
1587,1,128
1588,2,138
1589,2,126
1590,2,120
1591,2566,132
1592,2,125
1593,2,117
1594,1,129
1595,2,132
1596,1,132
1597,2,139
1598,2,136
1599,2,119
1600,1,114
1601,2378,121
1602,2,133
1603,1,107
1604,2,117
1605,2,113
1606,1,118
1607,2,144
1608,1,125
1609,2,135
1610,2,129
1611,2185,123
1612,2,130
1613,2,115
1614,1,107
1615,1,111
1616,2,124
1617,2,118
1618,1,122
1619,1,140
1620,2,127
1621,1993,128
1622,1,116
1623,2,138
1624,1,114
1625,2,105
1626,1,114
1627,2,117
1628,1,124
1629,2,122
1630,2,130
1631,1802,126
1632,1,124
1633,2,139
1634,1,112
1635,2,110
1636,2,118
1637,2,126
1638,0,123
1639,2,119
1640,2,120
1641,1615,117
1642,2,100
1643,2,126
1644,2,116
1645,0,118
1646,2,110
1647,2,138
1648,2,123
1649,1,120
1650,1,112
1651,1438,113
1652,2,118
1653,1,115
1654,2,104
1655,2,108
1656,2,114
1657,1,89
1658,1,136
1659,2,127
1660,2,100
1661,1268,137
1662,2,93
1663,2,107
1664,2,111
1665,2,127
1666,1,121
1667,1,113
1668,2,105
1669,2,113
1670,2,111
1671,1109,109
1672,2,114
1673,1,102
1674,2,104
1675,1,122
1676,2,105
1677,1,109
1678,2,115
1679,1,123
1680,2,108
1681,963,113
1682,2,89
1683,2,109
1684,1,106
1685,2,100
1686,1,108
1687,2,127
1688,2,102
1689,1,122
1690,2,114
1691,828,101
1692,2,113
1693,2,120
1694,2,92
1695,0,107
1696,2,108
1697,2,109
1698,2,111
1699,2,101
1700,0,87
1701,708,123
1702,1,112
1703,2,95
1704,2,106
1705,1,134
1706,2,103
1707,1,98
1708,2,90
1709,2,111
1710,1,99
1711,598,99
1712,2,97
1713,1,99
1714,2,108
1715,2,86
1716,1,100
1717,1,111
1718,2,85
1719,2,105
1720,2,104
1721,501,101
1722,1,98
1723,2,86
1724,1,108
1725,2,83
1726,1,92
1727,2,119
1728,2,96
1729,1,111
1730,2,112
1731,416,87
1732,2,94
1733,2,100
1734,1,89
1735,1,105
1736,2,89
1737,1,90
1738,2,93
1739,1,96
1740,2,72
1741,343,106
1742,2,115
1743,1,94
1744,2,99
1745,1,103
1746,2,86
1747,1,80
1748,2,82
1749,2,95
1750,1,101
1751,280,97
1752,1,100
1753,2,103
1754,2,92
1755,1,91
1756,1,99
1757,2,93
1758,1,75
1759,2,72
1760,1,84
1761,225,100
1762,1,108
1763,2,86
1764,2,98
1765,1,77
1766,1,100
1767,2,79
1768,1,99
1769,2,95
1770,2,84
1771,180,90
1772,2,84
1773,1,96
1774,1,73
1775,2,95
1776,2,77
1777,0,93
1778,2,82
1779,2,76
1780,1,99
1781,141,79
1782,2,84
1783,2,83
1784,2,86
1785,0,94
1786,2,89
1787,2,93
1788,1,84
1789,1,83
1790,2,71
1791,110,91
1792,2,72
1793,1,80
1794,2,82
1795,1,86
1796,2,91
1797,0,91
1798,2,85
1799,1,81
1800,1,68
1801,85,63
1802,2,94
1803,1,75
1804,2,86
1805,1,94
1806,2,67
1807,1,73
1808,1,70
1809,1,67
1810,2,92
1811,64,84
1812,2,84
1813,1,82
1814,1,67
1815,1,85
1816,2,77
1817,1,68
1818,1,76
1819,2,79
1820,1,74
1821,48,68
1822,1,81
1823,1,74
1824,2,64
1825,1,78
1826,1,80
1827,1,67
1828,2,69
1829,1,71
1830,1,81
1831,34,70
1832,1,74
1833,2,77
1834,1,72
1835,1,72
1836,2,78
1837,0,69
1838,2,73
1839,1,77
1840,1,60
1841,24,58
1842,2,85
1843,1,65
1844,1,78
1845,1,71
1846,1,72
1847,1,69
1848,1,71
1849,2,64
1850,0,60
1851,17,78
1852,1,55
1853,1,70
1854,2,63
1855,1,81
1856,0,68
1857,1,71
1858,2,70
1859,0,51
1860,2,63
1861,11,68
1862,0,55
1863,2,71
1864,0,56
1865,2,73
1866,0,64
1867,2,71
1868,0,68
1869,2,60
1870,1,62
1871,5,74
1872,2,61
1873,0,61
1874,2,60
1875,0,60
1876,1,64
1877,1,60
1878,0,65
1879,1,50
1880,1,58
1881,4,62
1882,1,62
1883,1,71
1884,0,77
1885,1,60
1886,1,67
1887,1,56
1888,1,56
1889,0,55
1890,0,49
1891,2,54
1892,1,62
1893,1,51
1894,1,58
1895,1,62
1896,0,49
1897,1,69
1898,0,59
1899,0,51
1900,1,56
1901,2,58
1902,0,51
1903,0,51
1904,0,64
1905,1,59
1906,0,54
1907,0,50
1908,0,44
1909,2,52
1910,0,58
1911,1,51
1912,0,53
1913,0,57
1914,0,53
1915,1,43
1916,0,47
1917,1,48
1918,0,50
1919,0,49
1920,0,53
1921,0,47
1922,1,62
1923,0,54
1924,0,52
1925,1,46
1926,0,50
1927,0,48
1928,0,48
1929,0,45
1930,1,48
1931,0,45
1932,0,49
1933,0,54
1934,0,56
1935,0,47
1936,0,47
1937,0,52
1938,0,48
1939,0,44
1940,0,36
1941,0,47
1942,0,41
1943,0,54
1944,0,52
1945,0,43
1946,0,60
1947,0,55
1948,0,41
1949,0,40
1950,0,52
1951,0,43
1952,0,42
1953,0,46
1954,0,48
1955,0,41
1956,0,45
1957,1,46
1958,0,44
1959,0,42
1960,0,42
1961,0,43
1962,0,40
1963,1,38
1964,0,41
1965,0,47
1966,0,56
1967,0,37
1968,0,37
1969,0,35
1970,0,44
1971,0,40
1972,0,42
1973,0,38
1974,0,29
1975,0,47
1976,0,47
1977,0,45
1978,0,41
1979,0,42
1980,0,24
1981,0,31
1982,0,47
1983,0,28
1984,0,45
1985,0,48
1986,0,35
1987,0,39
1988,0,37
1989,0,44
1990,0,39
1991,0,39
1992,0,32
1993,0,31
1994,0,42
1995,0,32
1996,0,35
1997,0,43
1998,0,39
1999,0,31
2000,0,32
2001,0,30
2002,0,44
2003,0,34
2004,0,39
2005,0,26
2006,0,28
2007,0,48
2008,0,32
2009,0,31
2010,0,28
2011,0,37
2012,0,21
2013,0,27
2014,0,39
2015,0,39
2016,0,29
2017,0,34
2018,0,30
2019,0,26
2020,0,32
2021,0,36
2022,0,22
2023,0,28
2024,0,30
2025,0,23
2026,0,33
2027,0,30
2028,0,29
2029,0,28
2030,0,31
2031,0,35
2032,0,33
2033,0,26
2034,0,35
2035,0,27
2036,0,25
2037,0,26
2038,0,24
2039,0,23
2040,0,22
2041,0,34
2042,0,43
2043,0,28
2044,0,24
2045,0,18
2046,0,32
2047,0,20
2048,0,26
2049,0,33
2050,0,18
2051,0,28
2052,0,25
2053,0,33
2054,0,28
2055,0,26
2056,0,23
2057,0,21
2058,0,22
2059,0,30
2060,0,18
2061,0,22
2062,0,23
2063,0,33
2064,0,19
2065,0,23
2066,0,29
2067,0,17
2068,0,29
2069,0,25
2070,0,22
2071,0,17
2072,0,32
2073,0,20
2074,0,16
2075,0,32
2076,0,19
2077,0,17
2078,0,28
2079,0,23
2080,0,17
2081,0,15
2082,0,18
2083,0,24
2084,0,15
2085,0,25
2086,0,21
2087,0,24
2088,0,18
2089,0,21
2090,0,24
2091,0,19
2092,0,19
2093,0,18
2094,0,18
2095,0,14
2096,0,17
2097,0,25
2098,0,19
2099,0,25
2100,0,17
2101,0,13
2102,0,18
2103,0,18
2104,0,23
2105,0,24
2106,0,20
2107,0,12
2108,0,13
2109,0,15
2110,0,18
2111,0,23
2112,0,15
2113,0,21
2114,0,23
2115,0,22
2116,0,27
2117,0,17
2118,0,7
2119,0,11
2120,0,14
2121,0,15
2122,0,21
2123,0,20
2124,0,8
2125,0,24
2126,0,17
2127,0,15
2128,0,22
2129,0,13
2130,0,19
2131,0,20
2132,0,17
2133,0,14
2134,0,15
2135,0,11
2136,0,16
2137,0,13
2138,0,14
2139,0,12
2140,0,18
2141,0,18
2142,0,17
2143,0,16
2144,0,13
2145,0,18
2146,0,9
2147,0,10
2148,0,14
2149,0,17
2150,0,12
2151,0,13
2152,0,10
2153,0,16
2154,0,10
2155,0,12
2156,0,16
2157,0,14
2158,0,14
2159,0,10
2160,0,11
2161,0,13
2162,0,13
2163,0,7
2164,0,10
2165,0,11
2166,0,9
2167,0,15
2168,0,14
2169,0,12
2170,0,8
2171,0,18
2172,0,9
2173,0,11
2174,0,6
2175,0,12
2176,0,11
2177,0,16
2178,0,9
2179,0,14
2180,0,12
2181,0,8
2182,0,12
2183,0,7
2184,0,11
2185,0,12
2186,0,10
2187,0,11
2188,0,9
2189,0,13
2190,0,9
2191,0,10
2192,0,7
2193,0,14
2194,0,7
2195,0,10
2196,0,12
2197,0,11
2198,0,7
2199,0,9
2200,0,12
2201,0,8
2202,0,15
2203,0,9
2204,0,7
2205,0,7
2206,0,6
2207,0,11
2208,0,8
2209,0,8
2210,0,12
2211,0,12
2212,0,7
2213,0,7
2214,0,9
2215,0,10
2216,0,5
2217,0,9
2218,0,10
2219,0,10
2220,0,5
2221,0,9
2222,0,6
2223,0,5
2224,0,8
2225,0,12
2226,0,4
2227,0,6
2228,0,10
2229,0,6
2230,0,7
2231,0,10
2232,0,5
2233,0,8
2234,0,13
2235,0,10
2236,0,5
2237,0,5
2238,0,6
2239,0,3
2240,0,4
2241,0,7
2242,0,11
2243,0,3
2244,0,10
2245,0,10
2246,0,8
2247,0,8
2248,0,9
2249,0,4
2250,0,5
2251,0,5
2252,0,8
2253,0,6
2254,0,5
2255,0,7
2256,0,7
2257,0,5
2258,0,4
2259,0,5
2260,0,5
2261,0,3
2262,0,6
2263,0,6
2264,0,10
2265,0,4
2266,0,6
2267,0,3
2268,0,6
2269,0,4
2270,0,5
2271,0,2
2272,0,7
2273,0,6
2274,0,8
2275,0,6
2276,0,3
2277,0,7
2278,0,4
2279,0,8
2280,0,4
2281,0,1
2282,0,1
2283,0,5
2284,0,4
2285,0,2
2286,0,8
2287,0,5
2288,0,7
2289,0,4
2290,0,8
2291,0,5
2292,0,5
2293,0,6
2294,0,2
2295,0,6
2296,0,2
2297,0,2
2298,0,5
2299,0,2
2300,0,5
2301,0,5
2302,0,5
2303,0,5
2304,0,4
2305,0,3
2306,0,4
2307,0,4
2308,0,3
2309,0,2
2310,0,2
2311,0,7
2312,0,2
2313,0,7
2314,0,2
2315,0,3
2316,0,5
2317,0,4
2318,0,3
2319,0,6
2320,0,1
2321,0,4
2322,0,4
2323,0,5
2324,0,1
2325,0,4
2326,0,3
2327,0,2
2328,0,1
2329,0,3
2330,0,4
2331,0,3
2332,0,6
2333,0,5
2334,0,4
2335,0,3
2336,0,0
2337,0,3
2338,0,2
2339,0,0
2340,0,7
2341,0,2
2342,0,5
2343,0,1
2344,0,4
2345,0,4
2346,0,2
2347,0,3
2348,0,3
2349,0,2
2350,0,2
2351,0,1
2352,0,3
2353,0,2
2354,0,2
2355,0,1
2356,0,1
2357,0,1
2358,0,4
2359,0,8
2360,0,2
2361,0,1
2362,0,3
2363,0,3
2364,0,1
2365,0,1
2366,0,1
2367,0,1
2368,0,2
2369,0,3
2370,0,3
2371,0,4
2372,0,1
2373,0,1
2374,0,0
2375,0,2
2376,0,2
2377,0,3
2378,0,1
2379,0,2
2380,0,3
2381,0,3
2382,0,0
2383,0,2
2384,0,4
2385,0,0
2386,0,0
2387,0,1
2388,0,2
2389,0,1
2390,0,3
2391,0,2
2392,0,1
2393,0,1
2394,0,3
2395,0,2
2396,0,0
2397,0,1
2398,0,1
2399,0,2
2400,0,3
2401,0,2
2402,0,2
2403,0,1
2404,0,2
2405,0,1
2406,0,1
2407,0,1
2408,0,0
2409,0,2
2410,0,2
2411,0,2
2412,0,2
2413,0,1
2414,0,1
2415,0,2
2416,0,0
2417,0,2
2418,0,1
2419,0,2
2420,0,3
2421,0,2
2422,0,0
2423,0,2
2424,0,2
2425,0,1
2426,0,3
2427,0,1
2428,0,0
2429,0,1
2430,0,0
2431,0,1
2432,0,2
2433,0,0
2434,0,2
2435,0,0
2436,0,2
2437,0,1
2438,0,1
2439,0,2
2440,0,2
2441,0,1
2442,0,1
2443,0,0
2444,0,0
2445,0,1
2446,0,0
2447,0,1
2448,0,1
2449,0,0
2450,0,3
2451,0,0
2452,0,2
2453,0,2
2454,0,0
2455,0,1
2456,0,0
2457,0,0
2458,0,1
2459,0,0
2460,0,0
2461,0,0
2462,0,1
2463,0,3
2464,0,0
2465,0,1
2466,0,1
2467,0,0
2468,0,0
2469,0,0
2470,0,0
2471,0,0
2472,0,1
2473,0,1
2474,0,0
2475,0,3
2476,0,1
2477,0,1
2478,0,1
2479,0,0
2480,0,0
2481,0,0
2482,0,0
2483,0,2
2484,0,1
2485,0,0
2486,0,0
2487,0,2
2488,0,1
2489,0,2
2490,0,0
2491,0,1
2492,0,1
2493,0,1
2494,0,1
2495,0,0
2496,0,0
2497,0,0
2498,0,0
2499,0,1
2500,0,2
2501,0,0
2502,0,0
2503,0,0
2504,0,1
2505,0,1
2506,0,0
2507,0,0
2508,0,0
2509,0,1
2510,0,0
2511,0,0
2512,0,0
2513,0,4
2514,0,0
2515,0,0
2516,0,0
2517,0,0
2518,0,0
2519,0,0
2520,0,1
2521,0,1
2522,0,2
2523,0,1
2524,0,0
2525,0,1
2526,0,1
2527,0,0
2528,0,0
2529,0,0
2530,0,0
2531,0,1
2532,0,0
2533,0,0
2534,0,1
2535,0,1
2536,0,0
2537,0,0
2538,0,0
2539,0,0
2540,0,0
2541,0,0
2542,0,0
2543,0,1
2544,0,0
2545,0,1
2546,0,0
2547,0,0
2548,0,1
2549,0,0
2550,0,1
2551,0,0
2552,0,1
2553,0,0
2554,0,0
2555,0,0
2556,0,1
2557,0,0
2558,0,0
2559,0,1
2560,0,0
2561,0,0
2562,0,0
2563,0,0
2564,0,0
2565,0,0
2566,0,1
2567,0,0
2568,0,1
2569,0,0
2570,0,1
2571,0,0
2572,0,0
2573,0,0
2574,0,0
2575,0,0
2576,0,2
2577,0,0
2578,0,0
2579,0,0
2580,0,1
2581,0,0
2582,0,0
2583,0,0
2584,0,0
2585,0,1
2586,0,1
2587,0,0
2588,0,0
2589,0,0
2590,0,1
2591,0,0
2592,0,0
2593,0,0
2594,0,0
2595,0,0
2596,0,0
2597,0,0
2598,0,0
2599,0,1
2600,0,0
2601,0,0
2602,0,1
2603,0,1
2604,0,0
2605,0,0
2606,0,0
2607,0,0
2608,0,0
2609,0,0
2610,0,0
2611,0,0
2612,0,0
2613,0,0
2614,0,0
2615,0,0
2616,0,0
2617,0,0
2618,0,0
2619,0,0
2620,0,0
2621,0,0
2622,0,0
2623,0,0
2624,0,0
2625,0,2
2626,0,0
2627,0,0
2628,0,0
2629,0,0
2630,0,0
2631,0,0
2632,0,0
2633,0,0
2634,0,0
2635,0,0
2636,0,0
2637,0,0
2638,0,0
2639,0,2
2640,0,0
2641,0,0
2642,0,0
2643,0,0
2644,0,0
2645,0,0
2646,0,0
2647,0,0
2648,0,0
2649,0,0
2650,0,0
2651,0,0
2652,0,0
2653,0,0
2654,0,0
2655,0,0
2656,0,0
2657,0,0
2658,0,0
2659,0,0
2660,0,0
2661,0,0
2662,0,0
2663,0,0
2664,0,0
2665,0,0
2666,0,0
2667,0,0
2668,0,0
2669,0,0
2670,0,0
2671,0,0
2672,0,0
2673,0,0
2674,0,0
2675,0,0
2676,0,0
2677,0,0
2678,0,0
2679,0,0
2680,0,0
2681,0,0
2682,0,1
2683,0,0
2684,0,0
2685,0,0
2686,0,1
2687,0,0
2688,0,0
2689,0,0
2690,0,0
2691,0,1
2692,0,0
2693,0,0
2694,0,0
2695,0,0
2696,0,0
2697,0,0
2698,0,0
2699,0,0
2700,0,0
2701,0,0
2702,0,0
2703,0,0
2704,0,0
2705,0,0
2706,0,0
2707,0,0
2708,0,0
2709,0,0
2710,0,0
2711,0,0
2712,0,1
2713,0,0
2714,0,0
2715,0,0
2716,0,0
2717,0,0
2718,0,0
2719,0,0
2720,0,0
2721,0,0
2722,0,0
2723,0,0
2724,0,0
2725,0,0
2726,0,0
2727,0,0
2728,0,0
2729,0,0
2730,0,0
2731,0,0
2732,0,0
2733,0,0
2734,0,0
2735,0,0
2736,0,0
2737,0,0
2738,0,0
2739,0,0
2740,0,0
2741,0,0
2742,0,0
2743,0,0
2744,0,0
2745,0,0
2746,0,0
2747,0,0
2748,0,0
2749,0,0
2750,0,0
2751,0,0
2752,0,0
2753,0,0
2754,0,0
2755,0,0
2756,0,0
2757,0,0
2758,0,0
2759,0,0
2760,0,0
2761,0,0
2762,0,0
2763,0,0
2764,0,0
2765,0,0
2766,0,0
2767,0,0
2768,0,0
2769,0,0
2770,0,0
2771,0,0
2772,0,0
2773,0,0
2774,0,0
2775,0,0
2776,0,0
2777,0,0
2778,0,0
2779,0,0
2780,0,0
2781,0,0
2782,0,0
2783,0,0
2784,0,0
2785,0,0
2786,0,0
2787,0,0
2788,0,0
2789,0,0
2790,0,0
2791,0,0
2792,0,0
2793,0,0
2794,0,0
2795,0,0
2796,0,0
2797,0,0
2798,0,0
2799,0,0
2800,0,0
2801,0,0
2802,0,0
2803,0,0
2804,0,0
2805,0,0
2806,0,0
2807,0,0
2808,0,0
2809,0,0
2810,0,0
2811,0,0
2812,0,0
2813,0,0
2814,0,0
2815,0,0
2816,0,0
2817,0,0
2818,0,0
2819,0,0
2820,0,0
2821,0,0
2822,0,0
2823,0,0
2824,0,0
2825,0,0
2826,0,0
2827,0,0
2828,0,0
2829,0,0
2830,0,0
2831,0,0
2832,0,0
2833,0,0
2834,0,0
2835,0,0
2836,0,0
2837,0,0
2838,0,0
2839,0,0
2840,0,0
2841,0,0
2842,0,0
2843,0,0
2844,0,0
2845,0,0
2846,0,0
2847,0,0
2848,0,0
2849,0,0
2850,0,0
2851,0,0
2852,0,0
2853,0,0
2854,0,0
2855,0,0
2856,0,0
2857,0,0
2858,0,0
2859,0,0
2860,0,0
2861,0,0
2862,0,0
2863,0,0
2864,0,0
2865,0,0
2866,0,0
2867,0,0
2868,0,0
2869,0,0
2870,0,0
2871,0,0
2872,0,0
2873,0,0
2874,0,0
2875,0,0
2876,0,0
2877,0,0
2878,0,0
2879,0,0
2880,0,0
2881,0,0
2882,0,0
2883,0,0
2884,0,0
2885,0,0
2886,0,0
2887,0,0
2888,0,0
2889,0,0
2890,0,0
2891,0,0
2892,0,0
2893,0,0
2894,0,0
2895,0,0
2896,0,0
2897,0,0
2898,0,0
2899,0,0
2900,0,0
2901,0,0
2902,0,0
2903,0,0
2904,0,0
2905,0,0
2906,0,0
2907,0,0
2908,0,0
2909,0,0
2910,0,0
2911,0,0
2912,0,0
2913,0,0
2914,0,0
2915,0,0
2916,0,0
2917,0,0
2918,0,0
2919,0,0
2920,0,0
2921,0,0
2922,0,0
2923,0,0
2924,0,0
2925,0,0
2926,0,0
2927,0,0
2928,0,0
2929,0,0
2930,0,0
2931,0,0
2932,0,0
2933,0,0
2934,0,0
2935,0,0
2936,0,0
2937,0,0
2938,0,0
2939,0,0
2940,0,0
2941,0,0
2942,0,0
2943,0,0
2944,0,0
2945,0,0
2946,0,0
2947,0,0
2948,0,0
2949,0,0
2950,0,0
2951,0,0
2952,0,0
2953,0,0
2954,0,0
2955,0,0
2956,0,0
2957,0,0
2958,0,0
2959,0,0
2960,0,0
2961,0,0
2962,0,0
2963,0,0
2964,0,0
2965,0,0
2966,0,0
2967,0,0
2968,0,0
2969,0,0
2970,0,0
2971,0,0
2972,0,0
2973,0,0
2974,0,0
2975,0,0
2976,0,0
2977,0,0
2978,0,0
2979,0,0
2980,0,0
2981,0,0
2982,0,0
2983,0,0
2984,0,0
2985,0,0
2986,0,0
2987,0,0
2988,0,0
2989,0,0
2990,0,0
2991,0,0
2992,0,0
2993,0,0
2994,0,0
2995,0,0
2996,0,0
2997,0,0
2998,0,0
2999,0,0
3000,0,0
3001,0,0
3002,0,0
3003,0,0
3004,0,0
3005,0,0
3006,0,0
3007,0,0
3008,0,0
3009,0,0
3010,0,0
3011,0,0
3012,0,0
3013,0,0
3014,0,0
3015,0,0
3016,0,0
3017,0,0
3018,0,0
3019,0,0
3020,0,0
3021,0,0
3022,0,0
3023,0,0
3024,0,0
3025,0,0
3026,0,0
3027,0,0
3028,0,0
3029,0,0
3030,0,0
3031,0,0
3032,0,0
3033,0,0
3034,0,0
3035,0,0
3036,0,0
3037,0,0
3038,0,0
3039,0,0
3040,0,0
3041,0,0
3042,0,0
3043,0,0
3044,0,0
3045,0,0
3046,0,0
3047,0,0
3048,0,0
3049,0,0
3050,0,0
3051,0,0
3052,0,0
3053,0,0
3054,0,0
3055,0,0
3056,0,0
3057,0,0
3058,0,0
3059,0,0
3060,0,0
3061,0,0
3062,0,0
3063,0,0
3064,0,0
3065,0,0
3066,0,0
3067,0,0
3068,0,0
3069,0,0
3070,0,0
3071,0,0
3072,0,0
3073,0,0
3074,0,0
3075,0,0
3076,0,0
3077,0,0
3078,0,0
3079,0,0
3080,0,0
3081,0,0
3082,0,0
3083,0,0
3084,0,0
3085,0,0
3086,0,0
3087,0,0
3088,0,0
3089,0,0
3090,0,0
3091,0,0
3092,0,0
3093,0,0
3094,0,0
3095,0,0
3096,0,0
3097,0,0
3098,0,0
3099,0,0
3100,0,0
3101,0,0
3102,0,0
3103,0,0
3104,0,0
3105,0,0
3106,0,0
3107,0,0
3108,0,0
3109,0,0
3110,0,0
3111,0,0
3112,0,0
3113,0,0
3114,0,0
3115,0,0
3116,0,0
3117,0,0
3118,0,0
3119,0,0
3120,0,0
3121,0,0
3122,0,0
3123,0,0
3124,0,0
3125,0,0
3126,0,0
3127,0,0
3128,0,0
3129,0,0
3130,0,0
3131,0,0
3132,0,0
3133,0,0
3134,0,0
3135,0,0
3136,0,0
3137,0,0
3138,0,0
3139,0,0
3140,0,0
3141,0,0
3142,0,0
3143,0,0
3144,0,0
3145,0,0
3146,0,0
3147,0,0
3148,0,0
3149,0,0
3150,0,0
3151,0,0
3152,0,0
3153,0,0
3154,0,0
3155,0,0
3156,0,0
3157,0,0
3158,0,0
3159,0,0
3160,0,0
3161,0,0
3162,0,0
3163,0,0
3164,0,0
3165,0,0
3166,0,0
3167,0,0
3168,0,0
3169,0,0
3170,0,0
3171,0,0
3172,0,0
3173,0,0
3174,0,0
3175,0,0
3176,0,0
3177,0,0
3178,0,0
3179,0,0
3180,0,0
3181,0,0
3182,0,0
3183,0,0
3184,0,0
3185,0,0
3186,0,0
3187,0,0
3188,0,0
3189,0,0
3190,0,0
3191,0,0
3192,0,0
3193,0,0
3194,0,0
3195,0,0
3196,0,0
3197,0,0
3198,0,0
3199,0,0
3200,0,0
3201,0,0
3202,0,0
3203,0,0
3204,0,0
3205,0,0
3206,0,0
3207,0,0
3208,0,0
3209,0,0
3210,0,0
3211,0,0
3212,0,0
3213,0,0
3214,0,0
3215,0,0
3216,0,0
3217,0,0
3218,0,0
3219,0,0
3220,0,0
3221,0,0
3222,0,0
3223,0,0
3224,0,0
3225,0,0
3226,0,0
3227,0,0
3228,0,0
3229,0,0
3230,0,0
3231,0,0
3232,0,0
3233,0,0
3234,0,0
3235,0,0
3236,0,0
3237,0,0
3238,0,0
3239,0,0
3240,0,0
3241,0,0
3242,0,0
3243,0,0
3244,0,0
3245,0,0
3246,0,0
3247,0,0
3248,0,0
3249,0,0
3250,0,0
3251,0,0
3252,0,0
3253,0,0
3254,0,0
3255,0,0
3256,0,0
3257,0,0
3258,0,0
3259,0,0
3260,0,0
3261,0,0
3262,0,0
3263,0,0
3264,0,0
3265,0,0
3266,0,0
3267,0,0
3268,0,0
3269,0,0
3270,0,0
3271,0,0
3272,0,0
3273,0,0
3274,0,0
3275,0,0
3276,0,0
3277,0,0
3278,0,0
3279,0,0
3280,0,0
3281,0,0
3282,0,0
3283,0,0
3284,0,0
3285,0,0
3286,0,0
3287,0,0
3288,0,0
3289,0,0
3290,0,0
3291,0,0
3292,0,0
3293,0,0
3294,0,0
3295,0,0
3296,0,0
3297,0,0
3298,0,0
3299,0,0
3300,0,0
3301,0,0
3302,0,0
3303,0,0
3304,0,0
3305,0,0
3306,0,0
3307,0,0
3308,0,0
3309,0,0
3310,0,0
3311,0,0
3312,0,0
3313,0,0
3314,0,0
3315,0,0
3316,0,0
3317,0,0
3318,0,0
3319,0,0
3320,0,0
3321,0,0
3322,0,0
3323,0,0
3324,0,0
3325,0,0
3326,0,0
3327,0,0
3328,0,0
3329,0,0
3330,0,0
3331,0,0
3332,0,0
3333,0,0
3334,0,0
3335,0,0
3336,0,0
3337,0,0
3338,0,0
3339,0,0
3340,0,0
3341,0,0
3342,0,0
3343,0,0
3344,0,0
3345,0,0
3346,0,0
3347,0,0
3348,0,0
3349,0,0
3350,0,0
3351,0,0
3352,0,0
3353,0,0
3354,0,0
3355,0,0
3356,0,0
3357,0,0
3358,0,0
3359,0,0
3360,0,0
3361,0,0
3362,0,0
3363,0,0
3364,0,0
3365,0,0
3366,0,0
3367,0,0
3368,0,0
3369,0,0
3370,0,0
3371,0,0
3372,0,0
3373,0,0
3374,0,0
3375,0,0
3376,0,0
3377,0,0
3378,0,0
3379,0,0
3380,0,0
3381,0,0
3382,0,0
3383,0,0
3384,0,0
3385,0,0
3386,0,0
3387,0,0
3388,0,0
3389,0,0
