0,0,0
1,0,0
2,0,0
3,0,0
4,0,0
5,0,0
6,0,0
7,0,0
8,0,0
9,0,0
10,0,0
11,0,0
12,0,0
13,0,0
14,0,0
15,0,0
16,0,0
17,0,0
18,0,0
19,0,0
20,0,0
21,0,0
22,0,0
23,0,0
24,0,0
25,0,0
26,0,0
27,0,0
28,0,0
29,0,0
30,0,0
31,0,0
32,0,0
33,0,0
34,0,0
35,0,0
36,0,0
37,0,0
38,0,0
39,0,0
40,0,0
41,0,0
42,0,0
43,0,0
44,0,0
45,0,0
46,0,0
47,0,0
48,0,0
49,0,0
50,0,0
51,0,0
52,0,0
53,0,0
54,0,0
55,0,0
56,0,0
57,0,0
58,0,0
59,0,0
60,0,0
61,0,0
62,0,0
63,0,0
64,0,0
65,0,0
66,0,0
67,0,0
68,0,0
69,0,0
70,0,0
71,0,0
72,0,0
73,0,0
74,0,0
75,0,0
76,0,0
77,0,0
78,0,0
79,0,0
80,0,0
81,0,0
82,0,0
83,0,0
84,0,0
85,0,0
86,0,0
87,0,0
88,0,0
89,0,0
90,0,0
91,0,0
92,0,0
93,0,0
94,0,0
95,0,0
96,0,0
97,0,0
98,0,0
99,0,0
100,0,0
101,0,0
102,0,0
103,0,0
104,0,0
105,0,0
106,0,0
107,0,0
108,0,0
109,0,0
110,0,0
111,0,0
112,0,0
113,0,0
114,0,0
115,0,0
116,0,0
117,0,0
118,0,0
119,0,0
120,0,0
121,0,0
122,0,1
123,0,0
124,0,0
125,0,0
126,0,0
127,0,0
128,0,0
129,0,0
130,0,0
131,0,0
132,0,0
133,0,0
134,0,0
135,0,0
136,0,0
137,0,0
138,0,0
139,0,0
140,0,0
141,0,0
142,0,0
143,0,0
144,0,0
145,0,0
146,0,0
147,0,0
148,0,0
149,0,0
150,0,0
151,0,0
152,0,0
153,0,0
154,0,0
155,0,0
156,0,0
157,0,0
158,0,0
159,0,0
160,0,0
161,0,0
162,0,0
163,0,0
164,0,0
165,0,0
166,0,0
167,0,0
168,0,0
169,0,0
170,0,0
171,0,0
172,0,0
173,0,0
174,0,0
175,0,0
176,0,0
177,0,0
178,0,0
179,0,0
180,0,0
181,0,0
182,0,0
183,0,0
184,0,0
185,0,0
186,0,0
187,0,0
188,0,0
189,0,0
190,0,0
191,0,0
192,0,0
193,0,0
194,0,0
195,0,0
196,0,0
197,0,0
198,0,0
199,0,0
200,0,0
201,0,0
202,0,0
203,0,0
204,0,0
205,0,0
206,0,0
207,0,0
208,0,0
209,0,0
210,0,0
211,0,0
212,0,0
213,0,0
214,0,0
215,0,0
216,0,0
217,0,0
218,0,0
219,0,0
220,0,0
221,0,0
222,0,0
223,0,0
224,0,0
225,0,0
226,0,0
227,0,0
228,0,0
229,0,0
230,0,0
231,0,0
232,0,0
233,0,0
234,0,0
235,0,0
236,0,0
237,0,0
238,0,0
239,0,0
240,0,0
241,0,0
242,0,0
243,0,0
244,0,0
245,0,0
246,0,0
247,0,0
248,0,0
249,0,0
250,0,0
251,0,0
252,0,0
253,0,0
254,0,0
255,0,0
256,0,0
257,0,0
258,0,0
259,0,0
260,0,0
261,0,0
262,0,0
263,0,0
264,0,0
265,0,0
266,0,0
267,0,0
268,0,0
269,0,0
270,0,0
271,0,0
272,0,0
273,0,0
274,0,0
275,0,0
276,0,0
277,0,0
278,0,0
279,0,0
280,0,0
281,0,0
282,0,0
283,0,0
284,0,0
285,0,0
286,0,0
287,0,0
288,0,0
289,0,0
290,0,0
291,0,0
292,0,0
293,0,0
294,0,0
295,0,0
296,0,0
297,0,0
298,0,0
299,0,0
300,0,0
301,0,0
302,0,1
303,0,0
304,0,0
305,0,0
306,0,0
307,0,0
308,0,0
309,0,0
310,0,0
311,0,0
312,0,0
313,0,0
314,0,0
315,0,1
316,0,0
317,0,0
318,0,0
319,0,0
320,0,0
321,0,0
322,0,0
323,0,0
324,0,0
325,0,0
326,0,0
327,0,0
328,0,0
329,0,0
330,0,0
331,0,0
332,0,0
333,0,0
334,0,0
335,0,0
336,0,0
337,0,0
338,0,0
339,0,0
340,0,0
341,0,0
342,0,0
343,0,0
344,0,0
345,0,0
346,0,1
347,0,0
348,0,0
349,0,0
350,0,0
351,0,1
352,0,0
353,0,0
354,0,0
355,0,0
356,0,0
357,0,1
358,0,0
359,0,0
360,0,0
361,0,1
362,0,1
363,0,0
364,0,0
365,0,0
366,0,0
367,0,0
368,0,0
369,0,0
370,0,0
371,0,0
372,0,0
373,0,0
374,0,0
375,0,0
376,0,0
377,0,0
378,0,0
379,0,0
380,0,1
381,0,0
382,0,0
383,0,0
384,0,0
385,0,0
386,0,0
387,0,0
388,0,0
389,0,0
390,0,1
391,0,0
392,0,0
393,0,0
394,0,0
395,0,1
396,0,0
397,0,0
398,0,0
399,0,0
400,0,0
401,0,0
402,0,0
403,0,0
404,0,0
405,0,0
406,0,0
407,0,1
408,0,0
409,0,0
410,0,0
411,0,1
412,0,0
413,0,0
414,0,1
415,0,0
416,0,1
417,0,0
418,0,0
419,0,0
420,0,0
421,0,1
422,0,0
423,0,0
424,0,0
425,0,1
426,0,0
427,0,0
428,0,1
429,0,1
430,0,0
431,0,0
432,0,0
433,0,0
434,0,0
435,0,1
436,0,0
437,0,0
438,0,0
439,0,0
440,0,1
441,0,0
442,0,1
443,0,0
444,0,1
445,0,0
446,0,1
447,0,0
448,0,1
449,0,0
450,0,0
451,0,0
452,0,0
453,0,0
454,0,1
455,0,0
456,0,1
457,0,0
458,0,1
459,0,0
460,0,0
461,0,0
462,0,1
463,0,1
464,0,0
465,0,0
466,0,0
467,0,0
468,0,2
469,0,0
470,0,0
471,0,0
472,0,1
473,0,1
474,0,0
475,0,0
476,0,0
477,0,0
478,0,0
479,0,0
480,0,1
481,0,0
482,0,0
483,0,0
484,0,1
485,0,0
486,0,1
487,0,0
488,0,2
489,0,1
490,0,0
491,0,0
492,0,2
493,0,0
494,0,0
495,0,0
496,0,1
497,0,2
498,0,0
499,0,0
500,0,1
501,0,0
502,0,2
503,0,1
504,0,0
505,0,1
506,0,0
507,0,1
508,0,1
509,0,1
510,0,0
511,0,0
512,0,0
513,0,1
514,0,0
515,0,2
516,0,0
517,0,0
518,0,1
519,0,0
520,0,0
521,0,1
522,0,0
523,0,1
524,0,3
525,0,1
526,0,0
527,0,1
528,0,2
529,0,0
530,0,0
531,0,0
532,0,0
533,0,3
534,0,0
535,0,1
536,0,0
537,0,3
538,0,2
539,0,0
540,0,1
541,0,1
542,0,0
543,0,1
544,0,0
545,0,0
546,0,1
547,0,2
548,0,1
549,0,1
550,0,2
551,0,1
552,0,0
553,0,2
554,0,0
555,0,0
556,0,0
557,0,1
558,0,1
559,0,0
560,0,5
561,0,2
562,0,0
563,0,2
564,0,0
565,0,2
566,0,1
567,0,1
568,0,0
569,0,1
570,0,2
571,0,1
572,0,2
573,0,3
574,0,0
575,0,3
576,0,1
577,0,1
578,0,2
579,0,1
580,0,3
581,0,1
582,0,0
583,0,1
584,0,3
585,0,0
586,0,1
587,0,2
588,0,1
589,0,2
590,0,5
591,0,1
592,0,0
593,0,1
594,0,2
595,0,0
596,0,1
597,0,2
598,0,3
599,0,2
600,0,4
601,0,1
602,0,0
603,0,1
604,0,1
605,0,0
606,0,3
607,0,2
608,0,1
609,0,4
610,0,3
611,0,3
612,0,2
613,0,0
614,0,2
615,0,2
616,0,2
617,0,0
618,0,1
619,0,3
620,0,3
621,0,2
622,0,4
623,0,2
624,0,1
625,0,2
626,0,1
627,0,5
628,0,0
629,0,0
630,0,2
631,0,3
632,0,2
633,0,2
634,0,4
635,0,3
636,0,3
637,0,0
638,0,4
639,0,1
640,0,1
641,0,4
642,0,1
643,0,3
644,0,6
645,0,3
646,0,4
647,0,5
648,0,0
649,0,1
650,0,2
651,0,1
652,0,3
653,0,4
654,0,5
655,0,4
656,0,4
657,0,2
658,0,4
659,0,0
660,0,2
661,0,1
662,0,3
663,0,6
664,0,2
665,0,2
666,0,3
667,0,4
668,0,2
669,0,7
670,0,1
671,0,5
672,0,2
673,0,3
674,0,3
675,0,3
676,0,8
677,0,2
678,0,2
679,0,2
680,0,3
681,0,3
682,0,4
683,0,3
684,0,5
685,0,6
686,0,5
687,0,6
688,0,3
689,0,3
690,0,0
691,0,5
692,0,3
693,0,1
694,0,5
695,0,6
696,0,5
697,0,7
698,0,3
699,0,4
700,0,8
701,0,4
702,0,1
703,0,3
704,0,2
705,0,5
706,0,3
707,0,6
708,0,6
709,0,9
710,0,5
711,0,2
712,0,6
713,0,5
714,0,3
715,0,5
716,0,5
717,0,2
718,0,5
719,0,2
720,0,5
721,0,8
722,0,10
723,0,4
724,0,5
725,0,4
726,0,6
727,0,6
728,0,7
729,0,1
730,0,2
731,0,6
732,0,8
733,0,7
734,0,7
735,0,5
736,0,4
737,0,7
738,0,9
739,0,5
740,0,5
741,0,4
742,0,5
743,0,4
744,0,5
745,0,4
746,0,9
747,0,6
748,0,11
749,0,4
750,0,4
751,0,4
752,0,5
753,0,4
754,0,7
755,0,6
756,0,8
757,0,6
758,0,4
759,0,6
760,0,7
761,0,7
762,0,6
763,0,4
764,0,11
765,0,6
766,0,5
767,0,14
768,0,1
769,0,6
770,0,9
771,0,6
772,0,8
773,0,9
774,0,5
775,0,5
776,0,9
777,0,3
778,0,9
779,0,8
780,0,11
781,0,8
782,0,8
783,0,4
784,0,13
785,0,1
786,0,8
787,0,11
788,0,8
789,0,8
790,0,6
791,0,11
792,0,10
793,0,5
794,0,7
795,0,9
796,0,8
797,0,12
798,0,4
799,0,14
800,0,9
801,0,8
802,0,11
803,0,5
804,0,9
805,0,9
806,0,8
807,0,7
808,0,5
809,0,15
810,0,9
811,0,7
812,0,11
813,0,11
814,0,8
815,0,10
816,0,13
817,0,6
818,0,6
819,0,10
820,0,11
821,0,11
822,0,10
823,0,11
824,0,7
825,0,13
826,0,9
827,0,12
828,0,10
829,0,12
830,0,12
831,0,11
832,0,12
833,0,11
834,0,15
835,0,5
836,0,11
837,0,13
838,0,7
839,0,15
840,0,13
841,0,17
842,0,13
843,0,6
844,0,16
845,0,11
846,0,14
847,0,14
848,0,8
849,0,7
850,0,16
851,0,15
852,0,10
853,0,14
854,0,14
855,0,16
856,0,16
857,0,18
858,0,10
859,0,12
860,0,12
861,0,12
862,0,16
863,0,12
864,0,14
865,0,15
866,0,16
867,0,16
868,0,12
869,0,16
870,0,19
871,0,10
872,0,14
873,0,20
874,0,13
875,0,19
876,0,19
877,0,13
878,0,13
879,0,17
880,0,15
881,0,20
882,0,17
883,0,17
884,0,18
885,0,19
886,0,9
887,0,21
888,0,18
889,0,13
890,0,11
891,0,19
892,0,23
893,0,22
894,0,16
895,0,17
896,0,16
897,0,22
898,0,22
899,0,15
900,0,19
901,0,17
902,0,11
903,0,25
904,0,24
905,0,12
906,0,15
907,0,18
908,0,23
909,0,21
910,0,18
911,0,11
912,0,16
913,0,26
914,0,20
915,0,19
916,0,20
917,0,20
918,0,16
919,0,29
920,0,14
921,0,26
922,0,21
923,0,20
924,0,18
925,0,28
926,0,18
927,0,23
928,0,18
929,0,21
930,0,21
931,0,24
932,0,18
933,0,29
934,0,29
935,0,27
936,0,29
937,0,23
938,0,23
939,0,28
940,0,29
941,0,20
942,0,20
943,0,19
944,0,26
945,0,23
946,0,23
947,0,34
948,0,31
949,0,23
950,0,28
951,0,23
952,0,22
953,0,23
954,0,25
955,0,28
956,0,32
957,0,35
958,0,20
959,0,29
960,0,29
961,0,19
962,0,32
963,0,19
964,0,37
965,0,22
966,0,25
967,0,26
968,0,26
969,0,29
970,0,34
971,0,31
972,0,27
973,0,24
974,0,40
975,0,36
976,0,23
977,0,22
978,0,31
979,0,32
980,0,23
981,0,34
982,0,36
983,0,34
984,0,36
985,0,25
986,0,32
987,0,28
988,0,24
989,0,34
990,0,37
991,1,25
992,0,25
993,0,37
994,0,39
995,0,31
996,0,26
997,0,38
998,0,34
999,0,26
1000,0,37
1001,0,33
1002,0,43
1003,0,32
1004,0,41
1005,0,38
1006,0,39
1007,0,29
1008,0,29
1009,0,32
1010,0,32
1011,0,29
1012,0,39
1013,0,46
1014,0,33
1015,0,30
1016,0,39
1017,0,40
1018,0,36
1019,0,45
1020,0,38
1021,0,32
1022,0,42
1023,0,33
1024,0,42
1025,0,44
1026,0,33
1027,0,28
1028,0,38
1029,0,53
1030,0,51
1031,0,41
1032,0,38
1033,0,38
1034,0,48
1035,0,36
1036,0,37
1037,0,39
1038,0,39
1039,0,44
1040,0,39
1041,0,52
1042,0,53
1043,0,49
1044,0,46
1045,0,36
1046,0,43
1047,0,38
1048,0,49
1049,0,40
1050,0,45
1051,0,36
1052,0,52
1053,0,44
1054,0,53
1055,0,46
1056,0,46
1057,0,49
1058,1,42
1059,0,49
1060,0,50
1061,0,44
1062,1,44
1063,0,55
1064,0,42
1065,0,38
1066,0,56
1067,0,45
1068,0,57
1069,0,48
1070,0,51
1071,0,50
1072,1,53
1073,0,48
1074,0,53
1075,0,49
1076,1,43
1077,0,41
1078,0,60
1079,0,52
1080,0,44
1081,0,47
1082,0,56
1083,1,56
1084,1,48
1085,0,51
1086,0,40
1087,0,53
1088,1,76
1089,1,50
1090,0,47
1091,0,54
1092,0,44
1093,1,53
1094,0,54
1095,2,57
1096,0,59
1097,0,53
1098,0,41
1099,0,61
1100,0,49
1101,2,48
1102,0,67
1103,1,53
1104,1,68
1105,1,63
1106,0,57
1107,1,45
1108,0,56
1109,1,50
1110,1,48
1111,1,51
1112,1,61
1113,1,65
1114,1,71
1115,1,55
1116,0,53
1117,1,52
1118,0,74
1119,1,49
1120,2,59
1121,3,56
1122,0,55
1123,2,64
1124,0,50
1125,1,72
1126,1,72
1127,0,51
1128,2,59
1129,0,75
1130,2,70
1131,6,50
1132,0,63
1133,2,64
1134,1,56
1135,1,79
1136,1,60
1137,1,67
1138,1,72
1139,1,56
1140,1,71
1141,10,57
1142,2,67
1143,1,54
1144,1,68
1145,0,68
1146,2,66
1147,1,68
1148,1,65
1149,1,67
1150,1,73
1151,17,64
1152,0,56
1153,2,55
1154,0,65
1155,2,77
1156,0,68
1157,2,75
1158,0,72
1159,2,72
1160,2,71
1161,24,67
1162,1,68
1163,1,78
1164,2,79
1165,1,75
1166,1,76
1167,1,61
1168,1,59
1169,1,75
1170,2,64
1171,34,76
1172,1,74
1173,1,67
1174,2,71
1175,1,70
1176,2,70
1177,0,75
1178,1,81
1179,2,86
1180,1,68
1181,48,61
1182,1,75
1183,1,92
1184,2,68
1185,1,83
1186,2,70
1187,0,97
1188,2,77
1189,1,79
1190,2,72
1191,64,68
1192,2,64
1193,1,77
1194,1,85
1195,2,78
1196,1,89
1197,1,77
1198,1,91
1199,2,71
1200,1,77
1201,86,82
1202,1,67
1203,1,75
1204,1,91
1205,1,77
1206,2,88
1207,1,76
1208,2,85
1209,1,83
1210,2,75
1211,110,82
1212,2,81
1213,1,81
1214,1,88
1215,2,80
1216,2,88
1217,0,91
1218,2,80
1219,2,79
1220,1,88
1221,142,72
1222,1,98
1223,2,87
1224,2,70
1225,0,101
1226,2,92
1227,2,93
1228,1,81
1229,1,86
1230,2,90
1231,180,94
1232,2,85
1233,1,93
1234,2,78
1235,2,87
1236,1,89
1237,1,101
1238,2,83
1239,1,82
1240,2,104
1241,225,89
1242,2,93
1243,1,94
1244,1,86
1245,2,99
1246,1,89
1247,2,93
1248,1,80
1249,2,92
1250,1,94
1251,280,105
1252,1,96
1253,2,88
1254,2,92
1255,1,102
1256,1,98
1257,2,121
1258,2,78
1259,1,95
1260,2,89
1261,343,76
1262,2,104
1263,1,78
1264,1,104
1265,2,104
1266,2,95
1267,0,97
1268,2,100
1269,2,87
1270,2,94
1271,416,110
1272,2,104
1273,1,100
1274,2,83
1275,1,94
1276,2,97
1277,2,90
1278,1,106
1279,2,98
1280,1,96
1281,501,102
1282,2,92
1283,2,102
1284,2,120
1285,1,99
1286,1,87
1287,2,102
1288,2,96
1289,1,102
1290,2,95
1291,598,110
1292,1,100
1293,2,106
1294,2,112
1295,1,98
1296,1,108
1297,2,91
1298,2,124
1299,1,103
1300,2,107
1301,708,106
1302,0,106
1303,2,104
1304,2,104
1305,2,117
1306,0,109
1307,2,92
1308,2,103
1309,2,93
1310,2,110
1311,828,101
1312,2,96
1313,1,90
1314,2,128
1315,1,118
1316,2,109
1317,2,119
1318,1,101
1319,2,97
1320,1,114
1321,964,119
1322,1,97
1323,2,105
1324,1,128
1325,2,126
1326,2,104
1327,1,107
1328,1,101
1329,2,113
1330,2,103
1331,1109,109
1332,2,119
1333,2,114
1334,2,115
1335,1,121
1336,1,108
1337,2,118
1338,2,135
1339,2,119
1340,2,99
1341,1268,112
1342,2,112
1343,2,120
1344,1,102
1345,1,101
1346,2,120
1347,2,121
1348,1,110
1349,2,141
1350,2,129
1351,1438,128
1352,1,127
1353,1,103
1354,2,112
1355,2,112
1356,2,125
1357,0,111
1358,2,123
1359,2,108
1360,2,128
1361,1615,119
1362,2,129
1363,1,118
1364,2,120
1365,1,125
1366,2,127
1367,2,114
1368,1,124
1369,1,119
1370,2,127
1371,1802,118
1372,2,135
1373,2,137
1374,1,118
1375,1,104
1376,2,131
1377,2,117
1378,1,133
1379,2,113
1380,1,116
1381,1993,117
1382,1,138
1383,1,111
1384,2,137
1385,2,128
1386,2,113
1387,1,126
1388,2,122
1389,1,119
1390,2,120
1391,2186,121
1392,1,129
1393,2,131
1394,2,130
1395,1,122
1396,1,120
1397,2,129
1398,2,124
1399,1,126
1400,2,137
1401,2378,121
1402,1,143
1403,2,105
1404,2,130
1405,2,123
1406,1,116
1407,2,124
1408,1,129
1409,2,147
1410,2,131
1411,2566,148
1412,2,135
1413,2,125
1414,1,108
1415,2,119
1416,1,117
1417,2,125
1418,2,134
1419,2,137
1420,1,152
1421,2747,150
1422,1,120
1423,2,136
1424,2,119
1425,2,109
1426,1,120
1427,2,128
1428,1,122
1429,2,127
1430,2,144
1431,2918,137
1432,2,135
1433,2,126
1434,1,122
1435,2,130
1436,1,134
1437,2,127
1438,1,122
1439,2,123
1440,1,135
1441,3076,119
1442,1,140
1443,2,144
1444,2,119
1445,1,152
1446,2,121
1447,2,120
1448,1,128
1449,2,152
1450,1,146
1451,3213,139
1452,2,132
1453,2,128
1454,1,127
1455,2,131
1456,1,119
1457,2,127
1458,2,136
1459,2,123
1460,1,131
1461,3332,137
1462,1,127
1463,2,132
1464,1,149
1465,2,137
1466,2,122
1467,1,132
1468,1,138
1469,2,137
1470,2,118
1471,3426,133
1472,2,105
1473,1,127
1474,2,136
1475,2,155
1476,2,124
1477,1,140
1478,1,133
1479,2,133
1480,2,141
1481,3495,119
1482,2,125
1483,1,142
1484,2,128
1485,1,137
1486,2,121
1487,2,122
1488,1,141
1489,2,126
1490,1,143
1491,3538,125
1492,2,115
1493,2,124
1494,2,140
1495,1,121
1496,1,144
1497,2,121
1498,2,127
1499,2,144
1500,2,146
1501,3550,123
1502,2,160
1503,2,115
1504,2,133
1505,2,110
1506,2,116
1507,0,119
1508,2,140
1509,2,124
1510,2,127
1511,3538,146
1512,1,138
1513,1,137
1514,2,131
1515,2,146
1516,2,112
1517,1,118
1518,1,103
1519,2,124
1520,2,136
1521,3495,129
1522,2,145
1523,2,118
1524,2,131
1525,1,126
1526,1,145
1527,2,117
1528,2,129
1529,2,127
1530,1,140
1531,3426,141
1532,2,128
1533,2,116
1534,1,124
1535,1,119
1536,2,116
1537,2,112
1538,2,131
1539,1,122
1540,2,147
1541,3331,151
1542,1,139
1543,2,134
1544,2,123
1545,2,129
1546,1,129
1547,2,134
1548,1,121
1549,2,123
1550,2,137
1551,3213,137
1552,1,122
1553,2,139
1554,2,118
1555,1,113
1556,2,124
1557,2,148
1558,1,121
1559,2,125
1560,1,126
1561,3075,132
1562,2,136
1563,1,132
1564,2,134
1565,2,127
1566,2,110
1567,1,121
1568,1,119
1569,2,129
1570,2,143
1571,2918,111
1572,2,117
1573,1,128
1574,2,141
1575,2,129
1576,1,128
1577,2,127
1578,2,121
1579,1,133
1580,2,129
1581,2747,130
1582,2,126
1583,1,115
1584,2,145
1585,2,111
1586,1,125
1587,1,142
1588,2,137
1589,2,123
1590,2,122
1591,2566,127
1592,2,106
1593,2,142
1594,2,128
1595,1,112
1596,1,134
1597,2,133
1598,2,118
1599,1,101
1600,2,128
1601,2378,127
1602,1,117
1603,2,141
1604,2,115
1605,2,124
1606,1,126
1607,1,126
1608,2,133
1609,2,123
1610,1,123
1611,2186,113
1612,2,122
1613,1,129
1614,1,131
1615,2,121
1616,2,134
1617,2,136
1618,1,129
1619,2,103
1620,1,130
1621,1993,130
1622,1,96
1623,1,121
1624,2,121
1625,2,113
1626,2,140
1627,1,125
1628,1,130
1629,2,128
1630,2,112
1631,1802,131
1632,1,100
1633,2,129
1634,1,108
1635,2,121
1636,2,136
1637,1,127
1638,2,109
1639,1,122
1640,2,109
1641,1615,131
1642,2,101
1643,2,124
1644,2,141
1645,0,98
1646,2,129
1647,2,127
1648,2,113
1649,0,101
1650,2,105
1651,1438,109
1652,2,120
1653,1,110
1654,2,111
1655,2,117
1656,2,111
1657,0,108
1658,2,113
1659,2,113
1660,2,131
1661,1268,127
1662,2,103
1663,2,125
1664,2,115
1665,2,116
1666,0,107
1667,2,104
1668,2,116
1669,2,99
1670,2,109
1671,1109,111
1672,2,116
1673,1,131
1674,2,119
1675,1,105
1676,2,104
1677,1,100
1678,2,112
1679,1,111
1680,2,111
1681,964,105
1682,1,103
1683,1,110
1684,2,111
1685,2,98
1686,2,129
1687,1,117
1688,1,114
1689,2,113
1690,2,103
1691,828,116
1692,2,96
1693,2,114
1694,2,117
1695,0,104
1696,2,114
1697,2,89
1698,2,108
1699,0,115
1700,2,92
1701,708,122
1702,1,104
1703,2,104
1704,2,101
1705,1,102
1706,2,95
1707,1,104
1708,2,109
1709,2,82
1710,1,104
1711,598,103
1712,1,105
1713,2,100
1714,2,104
1715,2,96
1716,1,114
1717,1,96
1718,2,103
1719,2,101
1720,2,111
1721,501,107
1722,1,89
1723,2,106
1724,1,93
1725,2,93
1726,2,99
1727,1,97
1728,1,81
1729,2,106
1730,2,110
1731,416,123
1732,2,105
1733,2,102
1734,1,101
1735,1,95
1736,2,96
1737,1,97
1738,2,95
1739,1,99
1740,2,75
1741,343,87
1742,2,96
1743,1,121
1744,2,104
1745,1,100
1746,2,92
1747,1,98
1748,2,91
1749,1,107
1750,2,89
1751,280,102
1752,1,86
1753,2,100
1754,1,79
1755,2,85
1756,1,93
1757,2,77
1758,1,90
1759,1,96
1760,2,96
1761,225,77
1762,1,106
1763,2,95
1764,2,99
1765,1,88
1766,1,76
1767,2,92
1768,1,88
1769,2,71
1770,1,82
1771,181,85
1772,2,102
1773,1,85
1774,1,77
1775,2,97
1776,2,90
1777,1,102
1778,1,90
1779,2,87
1780,1,79
1781,141,75
1782,2,77
1783,2,78
1784,1,76
1785,1,93
1786,2,105
1787,2,85
1788,1,74
1789,1,81
1790,2,93
1791,110,91
1792,2,77
1793,2,96
1794,1,69
1795,1,69
1796,2,96
1797,0,71
1798,2,82
1799,2,91
1800,0,80
1801,86,85
1802,1,90
1803,2,74
1804,1,79
1805,2,70
1806,1,92
1807,1,71
1808,1,84
1809,1,74
1810,2,82
1811,64,65
1812,2,82
1813,1,92
1814,2,80
1815,0,86
1816,2,80
1817,2,64
1818,1,72
1819,1,79
1820,1,70
1821,48,86
1822,2,92
1823,0,78
1824,2,66
1825,1,64
1826,1,78
1827,2,65
1828,0,80
1829,2,73
1830,1,88
1831,35,72
1832,1,54
1833,1,83
1834,2,67
1835,1,66
1836,1,65
1837,1,76
1838,1,56
1839,2,78
1840,0,76
1841,24,80
1842,2,81
1843,2,66
1844,0,78
1845,2,69
1846,0,63
1847,2,73
1848,0,70
1849,2,80
1850,1,52
1851,16,65
1852,1,61
1853,1,68
1854,2,67
1855,1,82
1856,0,69
1857,1,50
1858,2,84
1859,0,68
1860,2,64
1861,11,68
1862,0,69
1863,2,52
1864,0,66
1865,2,61
1866,0,56
1867,1,61
1868,1,81
1869,1,62
1870,1,56
1871,6,54
1872,2,74
1873,0,61
1874,2,59
1875,0,74
1876,2,59
1877,0,55
1878,0,49
1879,2,62
1880,1,62
1881,3,63
1882,1,66
1883,1,59
1884,2,61
1885,0,56
1886,0,67
1887,1,50
1888,1,61
1889,0,52
1890,1,59
1891,0,61
1892,2,55
1893,1,58
1894,1,49
1895,1,63
1896,0,63
1897,1,50
1898,0,61
1899,1,43
1900,1,67
1901,0,51
1902,0,47
1903,1,45
1904,1,48
1905,0,52
1906,0,64
1907,1,60
1908,1,52
1909,1,54
1910,0,55
1911,0,64
1912,0,47
1913,1,50
1914,0,45
1915,0,43
1916,0,51
1917,1,39
1918,0,63
1919,0,61
1920,0,54
1921,0,53
1922,0,38
1923,2,46
1924,0,58
1925,0,48
1926,0,48
1927,0,48
1928,1,42
1929,0,45
1930,0,47
1931,0,56
1932,0,54
1933,0,54
1934,0,44
1935,0,38
1936,0,40
1937,0,35
1938,0,48
1939,0,60
1940,0,33
1941,0,47
1942,0,53
1943,0,44
1944,0,36
1945,0,44
1946,0,48
1947,0,41
1948,0,54
1949,0,40
1950,0,47
1951,0,35
1952,0,48
1953,0,48
1954,0,52
1955,0,53
1956,0,46
1957,0,40
1958,0,47
1959,0,41
1960,0,37
1961,0,30
1962,0,39
1963,0,38
1964,1,42
1965,0,40
1966,0,50
1967,0,31
1968,0,41
1969,0,54
1970,1,41
1971,0,36
1972,0,38
1973,0,35
1974,0,43
1975,0,40
1976,0,43
1977,0,31
1978,0,30
1979,0,37
1980,0,31
1981,0,40
1982,0,43
1983,0,23
1984,0,45
1985,0,33
1986,0,30
1987,0,42
1988,0,33
1989,0,33
1990,0,35
1991,0,41
1992,0,26
1993,0,46
1994,0,40
1995,0,36
1996,0,33
1997,0,33
1998,0,38
1999,0,25
2000,0,27
2001,0,38
2002,0,31
2003,0,47
2004,0,36
2005,0,22
2006,0,39
2007,0,32
2008,0,30
2009,0,29
2010,0,30
2011,0,31
2012,0,40
2013,0,36
2014,0,31
2015,0,26
2016,0,30
2017,0,34
2018,0,37
2019,0,30
2020,0,27
2021,0,33
2022,0,27
2023,0,34
2024,0,29
2025,0,35
2026,0,29
2027,0,26
2028,0,21
2029,0,31
2030,0,33
2031,0,25
2032,0,26
2033,0,22
2034,0,23
2035,0,38
2036,0,38
2037,0,24
2038,0,23
2039,0,27
2040,0,36
2041,0,35
2042,0,17
2043,0,28
2044,0,19
2045,0,25
2046,0,21
2047,0,32
2048,0,19
2049,0,21
2050,0,31
2051,0,30
2052,0,27
2053,0,25
2054,0,32
2055,0,30
2056,0,18
2057,0,34
2058,0,21
2059,0,17
2060,0,20
2061,0,21
2062,0,28
2063,0,31
2064,0,23
2065,0,15
2066,0,22
2067,0,29
2068,0,27
2069,0,25
2070,0,24
2071,0,19
2072,0,15
2073,0,23
2074,0,14
2075,0,21
2076,0,37
2077,0,18
2078,0,22
2079,0,19
2080,0,18
2081,0,20
2082,0,20
2083,0,22
2084,0,22
2085,0,28
2086,0,19
2087,0,17
2088,0,17
2089,0,21
2090,0,23
2091,0,19
2092,0,18
2093,0,8
2094,0,20
2095,0,15
2096,0,21
2097,0,23
2098,0,23
2099,0,20
2100,0,12
2101,0,15
2102,0,23
2103,0,20
2104,0,24
2105,0,26
2106,0,15
2107,0,24
2108,0,12
2109,0,14
2110,0,20
2111,0,21
2112,0,20
2113,0,11
2114,0,25
2115,0,17
2116,0,15
2117,0,21
2118,0,20
2119,0,15
2120,0,19
2121,0,12
2122,0,19
2123,0,18
2124,0,15
2125,0,18
2126,0,14
2127,0,19
2128,0,14
2129,0,13
2130,0,16
2131,0,24
2132,0,14
2133,0,11
2134,0,14
2135,0,19
2136,0,13
2137,0,15
2138,0,9
2139,0,13
2140,0,18
2141,0,13
2142,0,16
2143,0,15
2144,0,17
2145,0,14
2146,0,14
2147,0,17
2148,0,10
2149,0,9
2150,0,9
2151,0,19
2152,0,17
2153,0,11
2154,0,12
2155,0,8
2156,0,15
2157,0,9
2158,0,16
2159,0,7
2160,0,13
2161,0,13
2162,0,15
2163,0,16
2164,0,11
2165,0,14
2166,0,8
2167,0,17
2168,0,9
2169,0,14
2170,0,6
2171,0,10
2172,0,8
2173,0,7
2174,0,12
2175,0,11
2176,0,14
2177,0,10
2178,0,13
2179,0,15
2180,0,9
2181,0,11
2182,0,13
2183,0,5
2184,0,12
2185,0,8
2186,0,8
2187,0,13
2188,0,13
2189,0,8
2190,0,11
2191,0,9
2192,0,6
2193,0,8
2194,0,8
2195,0,11
2196,0,16
2197,0,10
2198,0,8
2199,0,6
2200,0,12
2201,0,9
2202,0,6
2203,0,8
2204,0,10
2205,0,13
2206,0,10
2207,0,8
2208,0,9
2209,0,8
2210,0,11
2211,0,9
2212,0,11
2213,0,9
2214,0,8
2215,0,6
2216,0,6
2217,0,12
2218,0,3
2219,0,8
2220,0,8
2221,0,11
2222,0,10
2223,0,12
2224,0,7
2225,0,9
2226,0,8
2227,0,6
2228,0,6
2229,0,6
2230,0,1
2231,0,10
2232,0,9
2233,0,5
2234,0,11
2235,0,7
2236,0,9
2237,0,9
2238,0,6
2239,0,6
2240,0,6
2241,0,9
2242,0,6
2243,0,4
2244,0,8
2245,0,10
2246,0,5
2247,0,4
2248,0,9
2249,0,4
2250,0,6
2251,0,7
2252,0,6
2253,0,7
2254,0,3
2255,0,12
2256,0,3
2257,0,5
2258,0,4
2259,0,5
2260,0,10
2261,0,6
2262,0,5
2263,0,3
2264,0,6
2265,0,6
2266,0,2
2267,0,6
2268,0,4
2269,0,8
2270,0,8
2271,0,3
2272,0,4
2273,0,1
2274,0,6
2275,0,6
2276,0,5
2277,0,9
2278,0,8
2279,0,3
2280,0,6
2281,0,3
2282,0,5
2283,0,3
2284,0,3
2285,0,2
2286,0,3
2287,0,10
2288,0,4
2289,0,2
2290,0,4
2291,0,3
2292,0,1
2293,0,6
2294,0,3
2295,0,5
2296,0,4
2297,0,5
2298,0,4
2299,0,5
2300,0,6
2301,0,2
2302,0,2
2303,0,4
2304,0,2
2305,0,3
2306,0,2
2307,0,4
2308,0,8
2309,0,4
2310,0,2
2311,0,2
2312,0,3
2313,0,3
2314,0,1
2315,0,3
2316,0,2
2317,0,8
2318,0,5
2319,0,3
2320,0,4
2321,0,2
2322,0,0
2323,0,1
2324,0,1
2325,0,6
2326,0,4
2327,0,3
2328,0,1
2329,0,4
2330,0,4
2331,0,2
2332,0,5
2333,0,3
2334,0,2
2335,0,6
2336,0,2
2337,0,0
2338,0,2
2339,0,3
2340,0,2
2341,0,5
2342,0,2
2343,0,5
2344,0,3
2345,0,4
2346,0,2
2347,0,2
2348,0,3
2349,0,1
2350,0,5
2351,0,2
2352,0,4
2353,0,2
2354,0,5
2355,0,2
2356,0,3
2357,0,2
2358,0,4
2359,0,3
2360,0,4
2361,0,2
2362,0,3
2363,0,4
2364,0,2
2365,0,3
2366,0,0
2367,0,4
2368,0,2
2369,0,2
2370,0,1
2371,0,3
2372,0,3
2373,0,3
2374,0,1
2375,0,4
2376,0,2
2377,0,2
2378,0,1
2379,0,0
2380,0,3
2381,0,2
2382,0,3
2383,0,3
2384,0,1
2385,0,2
2386,0,1
2387,0,1
2388,0,2
2389,0,1
2390,0,3
2391,0,2
2392,0,2
2393,0,2
2394,0,1
2395,0,2
2396,0,1
2397,0,1
2398,0,0
2399,0,1
2400,0,0
2401,0,1
2402,0,1
2403,0,2
2404,0,2
2405,0,1
2406,0,1
2407,0,2
2408,0,6
2409,0,3
2410,0,0
2411,0,0
2412,0,0
2413,0,2
2414,0,3
2415,0,1
2416,0,2
2417,0,1
2418,0,2
2419,0,0
2420,0,2
2421,0,2
2422,0,1
2423,0,2
2424,0,1
2425,0,2
2426,0,0
2427,0,2
2428,0,3
2429,0,1
2430,0,0
2431,0,1
2432,0,2
2433,0,1
2434,0,2
2435,0,3
2436,0,1
2437,0,2
2438,0,0
2439,0,1
2440,0,2
2441,0,0
2442,0,1
2443,0,0
2444,0,0
2445,0,0
2446,0,1
2447,0,2
2448,0,1
2449,0,4
2450,0,1
2451,0,0
2452,0,1
2453,0,0
2454,0,0
2455,0,2
2456,0,1
2457,0,1
2458,0,2
2459,0,4
2460,0,1
2461,0,1
2462,0,2
2463,0,0
2464,0,0
2465,0,0
2466,0,0
2467,0,0
2468,0,3
2469,0,3
2470,0,1
2471,0,2
2472,0,1
2473,0,1
2474,0,0
2475,0,0
2476,0,0
2477,0,2
2478,0,2
2479,0,0
2480,0,1
2481,0,1
2482,0,0
2483,0,1
2484,0,1
2485,0,0
2486,0,1
2487,0,0
2488,0,0
2489,0,0
2490,0,2
2491,0,1
2492,0,0
2493,0,0
2494,0,2
2495,0,1
2496,0,0
2497,0,0
2498,0,0
2499,0,0
2500,0,2
2501,0,0
2502,0,0
2503,0,0
2504,0,1
2505,0,1
2506,0,0
2507,0,1
2508,0,1
2509,0,3
2510,0,0
2511,0,0
2512,0,1
2513,0,0
2514,0,1
2515,0,0
2516,0,0
2517,0,1
2518,0,0
2519,0,1
2520,0,0
2521,0,2
2522,0,0
2523,0,0
2524,0,1
2525,0,0
2526,0,1
2527,0,0
2528,0,0
2529,0,0
2530,0,1
2531,0,1
2532,0,0
2533,0,0
2534,0,0
2535,0,1
2536,0,0
2537,0,1
2538,0,0
2539,0,0
2540,0,1
2541,0,1
2542,0,0
2543,0,0
2544,0,2
2545,0,0
2546,0,0
2547,0,0
2548,0,0
2549,0,0
2550,0,1
2551,0,0
2552,0,0
2553,0,0
2554,0,0
2555,0,0
2556,0,0
2557,0,0
2558,0,1
2559,0,0
2560,0,0
2561,0,0
2562,0,2
2563,0,0
2564,0,0
2565,0,0
2566,0,0
2567,0,1
2568,0,0
2569,0,0
2570,0,0
2571,0,0
2572,0,2
2573,0,0
2574,0,0
2575,0,0
2576,0,0
2577,0,0
2578,0,0
2579,0,0
2580,0,0
2581,0,0
2582,0,0
2583,0,0
2584,0,0
2585,0,0
2586,0,2
2587,0,0
2588,0,0
2589,0,0
2590,0,0
2591,0,0
2592,0,2
2593,0,0
2594,0,0
2595,0,0
2596,0,0
2597,0,0
2598,0,0
2599,0,0
2600,0,0
2601,0,0
2602,0,0
2603,0,0
2604,0,0
2605,0,0
2606,0,1
2607,0,1
2608,0,0
2609,0,0
2610,0,0
2611,0,0
2612,0,2
2613,0,0
2614,0,0
2615,0,0
2616,0,1
2617,0,0
2618,0,0
2619,0,0
2620,0,1
2621,0,0
2622,0,0
2623,0,0
2624,0,0
2625,0,0
2626,0,0
2627,0,0
2628,0,0
2629,0,0
2630,0,0
2631,0,0
2632,0,0
2633,0,0
2634,0,0
2635,0,1
2636,0,0
2637,0,0
2638,0,0
2639,0,0
2640,0,1
2641,0,0
2642,0,0
2643,0,0
2644,0,0
2645,0,0
2646,0,0
2647,0,1
2648,0,0
2649,0,0
2650,0,0
2651,0,0
2652,0,0
2653,0,0
2654,0,0
2655,0,0
2656,0,1
2657,0,0
2658,0,0
2659,0,0
2660,0,0
2661,0,0
2662,0,0
2663,0,0
2664,0,0
2665,0,0
2666,0,0
2667,0,0
2668,0,0
2669,0,0
2670,0,0
2671,0,0
2672,0,0
2673,0,0
2674,0,0
2675,0,0
2676,0,0
2677,0,0
2678,0,0
2679,0,0
2680,0,0
2681,0,0
2682,0,0
2683,0,0
2684,0,0
2685,0,0
2686,0,0
2687,0,1
2688,0,0
2689,0,0
2690,0,0
2691,0,0
2692,0,0
2693,0,0
2694,0,0
2695,0,1
2696,0,0
2697,0,0
2698,0,0
2699,0,0
2700,0,0
2701,0,0
2702,0,0
2703,0,0
2704,0,0
2705,0,0
2706,0,0
2707,0,0
2708,0,0
2709,0,0
2710,0,0
2711,0,0
2712,0,0
2713,0,0
2714,0,0
2715,0,0
2716,0,0
2717,0,0
2718,0,0
2719,0,0
2720,0,0
2721,0,0
2722,0,0
2723,0,0
2724,0,0
2725,0,0
2726,0,0
2727,0,0
2728,0,0
2729,0,0
2730,0,0
2731,0,0
2732,0,0
2733,0,0
2734,0,0
2735,0,0
2736,0,0
2737,0,0
2738,0,0
2739,0,0
2740,0,0
2741,0,0
2742,0,0
2743,0,0
2744,0,0
2745,0,0
2746,0,0
2747,0,0
2748,0,0
2749,0,0
2750,0,0
2751,0,0
2752,0,0
2753,0,0
2754,0,0
2755,0,0
2756,0,0
2757,0,0
2758,0,0
2759,0,0
2760,0,0
2761,0,0
2762,0,0
2763,0,0
2764,0,0
2765,0,0
2766,0,0
2767,0,0
2768,0,0
2769,0,0
2770,0,0
2771,0,0
2772,0,0
2773,0,0
2774,0,0
2775,0,0
2776,0,0
2777,0,0
2778,0,0
2779,0,0
2780,0,0
2781,0,0
2782,0,0
2783,0,0
2784,0,0
2785,0,0
2786,0,0
2787,0,0
2788,0,0
2789,0,0
2790,0,0
2791,0,0
2792,0,0
2793,0,0
2794,0,0
2795,0,0
2796,0,0
2797,0,0
2798,0,0
2799,0,0
2800,0,0
2801,0,0
2802,0,0
2803,0,0
2804,0,0
2805,0,0
2806,0,0
2807,0,0
2808,0,0
2809,0,0
2810,0,0
2811,0,0
2812,0,0
2813,0,0
2814,0,0
2815,0,0
2816,0,0
2817,0,0
2818,0,0
2819,0,0
2820,0,0
2821,0,0
2822,0,0
2823,0,0
2824,0,0
2825,0,0
2826,0,0
2827,0,0
2828,0,0
2829,0,0
2830,0,1
2831,0,0
2832,0,0
2833,0,0
2834,0,0
2835,0,0
2836,0,0
2837,0,0
2838,0,0
2839,0,0
2840,0,0
2841,0,0
2842,0,0
2843,0,0
2844,0,0
2845,0,0
2846,0,0
2847,0,0
2848,0,0
2849,0,0
2850,0,0
2851,0,0
2852,0,0
2853,0,0
2854,0,1
2855,0,0
2856,0,0
2857,0,0
2858,0,0
2859,0,0
2860,0,0
2861,0,0
2862,0,0
2863,0,0
2864,0,0
2865,0,0
2866,0,0
2867,0,0
2868,0,0
2869,0,0
2870,0,0
2871,0,0
2872,0,0
2873,0,0
2874,0,0
2875,0,0
2876,0,0
2877,0,0
2878,0,0
2879,0,0
2880,0,0
2881,0,0
2882,0,0
2883,0,0
2884,0,0
2885,0,0
2886,0,0
2887,0,0
2888,0,0
2889,0,0
2890,0,0
2891,0,0
2892,0,0
2893,0,0
2894,0,0
2895,0,0
2896,0,0
2897,0,0
2898,0,0
2899,0,0
2900,0,0
2901,0,0
2902,0,0
2903,0,0
2904,0,0
2905,0,0
2906,0,0
2907,0,0
2908,0,0
2909,0,0
2910,0,0
2911,0,0
2912,0,0
2913,0,0
2914,0,0
2915,0,0
2916,0,0
2917,0,0
2918,0,0
2919,0,0
2920,0,0
2921,0,0
2922,0,0
2923,0,0
2924,0,0
2925,0,0
2926,0,0
2927,0,0
2928,0,0
2929,0,0
2930,0,0
2931,0,0
2932,0,0
2933,0,0
2934,0,0
2935,0,0
2936,0,0
2937,0,0
2938,0,0
2939,0,0
2940,0,0
2941,0,0
2942,0,0
2943,0,0
2944,0,0
2945,0,0
2946,0,0
2947,0,0
2948,0,0
2949,0,0
2950,0,0
2951,0,0
2952,0,0
2953,0,0
2954,0,0
2955,0,0
2956,0,0
2957,0,0
2958,0,0
2959,0,0
2960,0,0
2961,0,0
2962,0,0
2963,0,0
2964,0,0
2965,0,0
2966,0,0
2967,0,0
2968,0,0
2969,0,0
2970,0,0
2971,0,0
2972,0,0
2973,0,0
2974,0,0
2975,0,0
2976,0,0
2977,0,0
2978,0,0
2979,0,0
2980,0,0
2981,0,0
2982,0,0
2983,0,0
2984,0,0
2985,0,0
2986,0,0
2987,0,0
2988,0,0
2989,0,0
2990,0,0
2991,0,0
2992,0,0
2993,0,0
2994,0,0
2995,0,0
2996,0,0
2997,0,0
2998,0,0
2999,0,0
3000,0,0
3001,0,0
3002,0,0
3003,0,0
3004,0,0
3005,0,0
3006,0,0
3007,0,0
3008,0,0
3009,0,0
3010,0,0
3011,0,0
3012,0,0
3013,0,0
3014,0,0
3015,0,0
3016,0,0
3017,0,0
3018,0,0
3019,0,0
3020,0,0
3021,0,0
3022,0,0
3023,0,0
3024,0,0
3025,0,0
3026,0,0
3027,0,0
3028,0,0
3029,0,0
3030,0,0
3031,0,0
3032,0,0
3033,0,0
3034,0,0
3035,0,0
3036,0,0
3037,0,0
3038,0,0
3039,0,0
3040,0,0
3041,0,0
3042,0,0
3043,0,0
3044,0,0
3045,0,0
3046,0,0
3047,0,0
3048,0,0
3049,0,0
3050,0,0
3051,0,0
3052,0,0
3053,0,0
3054,0,0
3055,0,0
3056,0,0
3057,0,0
3058,0,0
3059,0,0
3060,0,0
3061,0,0
3062,0,0
3063,0,0
3064,0,0
3065,0,0
3066,0,0
3067,0,0
3068,0,0
3069,0,0
3070,0,0
3071,0,0
3072,0,0
3073,0,0
3074,0,0
3075,0,0
3076,0,0
3077,0,0
3078,0,0
3079,0,0
3080,0,0
3081,0,0
3082,0,0
3083,0,0
3084,0,0
3085,0,0
3086,0,0
3087,0,0
3088,0,0
3089,0,0
3090,0,0
3091,0,0
3092,0,0
3093,0,0
3094,0,0
3095,0,0
3096,0,0
3097,0,0
3098,0,0
3099,0,0
3100,0,0
3101,0,0
3102,0,0
3103,0,0
3104,0,0
3105,0,0
3106,0,0
3107,0,0
3108,0,0
3109,0,0
3110,0,0
3111,0,0
3112,0,0
3113,0,0
3114,0,0
3115,0,0
3116,0,0
3117,0,0
3118,0,0
3119,0,0
3120,0,0
3121,0,0
3122,0,0
3123,0,0
3124,0,0
3125,0,0
3126,0,0
3127,0,0
3128,0,0
3129,0,0
3130,0,0
3131,0,0
3132,0,0
3133,0,0
3134,0,0
3135,0,0
3136,0,0
3137,0,0
3138,0,0
3139,0,0
3140,0,0
3141,0,0
3142,0,0
3143,0,0
3144,0,0
3145,0,0
3146,0,0
3147,0,0
3148,0,0
3149,0,0
3150,0,0
3151,0,0
3152,0,0
3153,0,0
3154,0,0
3155,0,0
3156,0,0
3157,0,0
3158,0,0
3159,0,0
3160,0,0
3161,0,0
3162,0,0
3163,0,0
3164,0,0
3165,0,0
3166,0,0
3167,0,0
3168,0,0
3169,0,0
3170,0,0
3171,0,0
3172,0,0
3173,0,0
3174,0,0
3175,0,0
3176,0,0
3177,0,0
3178,0,0
3179,0,0
3180,0,0
3181,0,0
3182,0,0
3183,0,0
3184,0,0
3185,0,0
3186,0,0
3187,0,0
3188,0,0
3189,0,0
3190,0,0
3191,0,0
3192,0,0
3193,0,0
3194,0,0
3195,0,0
3196,0,0
3197,0,0
3198,0,0
3199,0,0
3200,0,0
3201,0,0
3202,0,0
3203,0,0
3204,0,0
3205,0,0
3206,0,0
3207,0,0
3208,0,0
3209,0,0
3210,0,0
3211,0,0
3212,0,0
3213,0,0
3214,0,0
3215,0,0
3216,0,0
3217,0,0
3218,0,0
3219,0,0
3220,0,0
3221,0,0
3222,0,0
3223,0,0
3224,0,0
3225,0,0
3226,0,0
3227,0,0
3228,0,0
3229,0,0
3230,0,0
3231,0,0
3232,0,0
3233,0,0
3234,0,0
3235,0,0
3236,0,0
3237,0,0
3238,0,0
3239,0,0
3240,0,0
3241,0,0
3242,0,0
3243,0,0
3244,0,0
3245,0,0
3246,0,0
3247,0,0
3248,0,0
3249,0,0
3250,0,0
3251,0,0
3252,0,0
3253,0,0
3254,0,0
3255,0,0
3256,0,0
3257,0,0
3258,0,0
3259,0,0
3260,0,0
3261,0,0
3262,0,0
3263,0,0
3264,0,0
3265,0,0
3266,0,0
3267,0,0
3268,0,0
3269,0,0
3270,0,0
3271,0,0
3272,0,0
3273,0,0
3274,0,0
3275,0,0
3276,0,0
3277,0,0
3278,0,0
3279,0,0
3280,0,0
3281,0,0
3282,0,0
3283,0,0
3284,0,0
3285,0,0
3286,0,0
3287,0,0
3288,0,0
3289,0,0
3290,0,0
3291,0,0
3292,0,0
3293,0,0
3294,0,0
3295,0,0
3296,0,0
3297,0,0
3298,0,0
3299,0,0
3300,0,0
3301,0,0
3302,0,0
3303,0,0
3304,0,0
3305,0,0
3306,0,0
3307,0,0
3308,0,0
3309,0,0
3310,0,0
3311,0,0
3312,0,0
3313,0,0
3314,0,0
3315,0,0
3316,0,0
3317,0,0
3318,0,0
3319,0,0
3320,0,0
3321,0,0
3322,0,0
3323,0,0
3324,0,0
3325,0,0
3326,0,0
3327,0,0
3328,0,0
3329,0,0
3330,0,0
3331,0,0
3332,0,0
3333,0,0
3334,0,0
3335,0,0
3336,0,0
3337,0,0
3338,0,0
3339,0,0
3340,0,0
3341,0,0
3342,0,0
3343,0,0
3344,0,0
3345,0,0
3346,0,0
3347,0,0
3348,0,0
3349,0,0
3350,0,0
3351,0,0
3352,0,0
3353,0,0
3354,0,0
3355,0,0
3356,0,0
3357,0,0
3358,0,0
3359,0,0
3360,0,0
3361,0,0
3362,0,0
3363,0,0
3364,0,0
3365,0,0
3366,0,0
3367,0,0
3368,0,0
3369,0,0
3370,0,0
3371,0,0
3372,0,0
3373,0,0
3374,0,0
3375,0,0
3376,0,0
3377,0,0
3378,0,0
3379,0,0
3380,0,0
3381,0,0
3382,0,0
3383,0,0
3384,0,0
3385,0,0
3386,0,0
3387,0,0
3388,0,0
3389,0,0
3390,0,0
3391,0,0
3392,0,0
3393,0,0
3394,0,0
3395,0,0
3396,0,0
3397,0,0
3398,0,0
3399,0,0
3400,0,0
3401,0,0
3402,0,0
3403,0,0
3404,0,0
3405,0,0
3406,0,0
3407,0,0
3408,0,0
3409,0,0
3410,0,0
3411,0,0
3412,0,0
3413,0,0
3414,0,0
3415,0,0
3416,0,0
3417,0,0
3418,0,0
3419,0,0
3420,0,0
3421,0,0
3422,0,0
3423,0,0
3424,0,0
3425,0,0
3426,0,0
3427,0,0
3428,0,0
3429,0,0
3430,0,0
3431,0,0
3432,0,0
3433,0,0
3434,0,0
3435,0,0
3436,0,0
3437,0,0
3438,0,0
3439,0,0
3440,0,0
3441,0,0
3442,0,0
3443,0,0
3444,0,0
3445,0,0
3446,0,0
3447,0,0
3448,0,0
3449,0,0
